1;54;26;
2;15;119;
3;119;761;
4;761;120;
5;120;16;
6;16;17;
7;17;738;
8;738;18;
9;18;737;
10;737;19;
11;19;426;
12;426;339;
13;339;98;
14;98;20;
15;20;21;
16;21;784;
17;784;22;
18;351;28;
19;28;37;
20;37;38;
21;38;69;
22;30;91;
23;91;31;
24;32;33;
25;33;34;
26;34;124;
27;297;35;
28;35;256;
29;256;699;
30;699;703;
31;703;355;
32;355;352;
33;352;52;
34;52;474;
35;474;351;
36;39;740;
37;740;40;
38;40;41;
39;41;42;
40;42;43;
41;43;50;
42;50;324;
43;324;325;
44;325;51;
45;51;44;
46;376;441;
47;441;439;
48;439;92;
49;92;437;
50;52;55;
51;74;55;
52;58;57;
53;57;59;
54;59;317;
55;317;109;
56;298;65;
57;65;94;
58;94;64;
59;64;63;
60;63;68;
61;68;96;
62;96;62;
63;62;61;
64;61;475;
65;475;36;
66;36;700;
67;700;701;
68;701;702;
69;702;703;
70;461;66;
71;66;67;
72;67;108;
73;12;686;
74;686;11;
75;11;126;
76;126;10;
77;10;22;
78;22;783;
79;783;782;
80;782;9;
81;9;2;
82;2;3;
83;3;272;
84;272;780;
85;780;259;
86;259;261;
87;261;263;
88;263;264;
89;264;4;
90;4;271;
91;271;781;
92;781;273;
93;273;30;
94;30;23;
95;53;67;
96;66;73;
97;73;26;
98;73;75;
99;88;550;
100;550;549;
101;549;234;
102;234;547;
103;547;545;
104;545;233;
105;233;548;
106;548;249;
107;249;86;
108;86;250;
109;250;87;
110;361;739;
111;739;74;
112;44;45;
113;45;358;
114;358;357;
115;357;46;
116;53;68;
117;93;94;
118;300;95;
119;95;93;
120;96;97;
121;97;285;
122;98;265;
123;265;786;
124;786;99;
125;99;100;
126;100;268;
127;268;101;
128;101;270;
129;270;102;
130;102;103;
131;103;104;
132;104;602;
133;602;105;
134;105;106;
135;106;9;
136;109;60;
137;291;110;
138;110;262;
139;262;287;
140;287;260;
141;260;111;
142;111;112;
143;112;113;
144;113;114;
145;114;115;
146;115;116;
147;116;731;
148;731;730;
149;730;726;
150;726;117;
151;117;118;
152;118;762;
153;762;447;
154;447;119;
155;116;729;
156;729;724;
157;724;725;
158;725;726;
159;121;122;
160;122;267;
161;267;266;
162;266;123;
163;123;117;
164;117;732;
165;732;448;
166;448;120;
167;289;127;
168;127;128;
169;128;129;
170;129;130;
171;130;20;
172;131;132;
173;132;133;
174;133;134;
175;134;135;
176;135;136;
177;136;137;
178;137;138;
179;138;168;
180;168;139;
181;139;140;
182;140;141;
183;141;142;
184;142;687;
185;687;143;
186;143;621;
187;621;144;
188;144;169;
189;169;193;
190;193;315;
191;77;566;
192;566;145;
193;145;146;
194;146;147;
195;147;608;
196;608;148;
197;148;149;
198;149;607;
199;607;150;
200;150;704;
201;704;551;
202;551;688;
203;688;616;
204;616;606;
205;606;706;
206;706;151;
207;151;705;
208;705;403;
209;403;456;
210;456;707;
211;152;153;
212;154;155;
213;156;157;
214;158;159;
215;160;161;
216;161;162;
217;162;417;
218;417;163;
219;163;662;
220;662;164;
221;255;165;
222;165;166;
223;166;167;
224;167;168;
225;173;153;
226;153;172;
227;172;628;
228;628;626;
229;626;171;
230;171;155;
231;155;170;
232;170;157;
233;157;159;
234;159;177;
235;177;169;
236;174;154;
237;154;624;
238;624;625;
239;625;175;
240;175;623;
241;623;627;
242;627;171;
243;175;176;
244;154;156;
245;156;158;
246;158;180;
247;180;179;
248;179;779;
249;779;622;
250;622;778;
251;778;178;
252;178;177;
253;184;185;
254;185;186;
255;186;187;
256;306;188;
257;188;189;
258;189;190;
259;190;454;
260;296;813;
261;813;812;
262;812;811;
263;811;191;
264;191;814;
265;814;192;
266;192;815;
267;815;810;
268;810;311;
269;201;184;
270;184;407;
271;407;630;
272;630;202;
273;202;203;
274;203;629;
275;629;204;
276;204;205;
277;205;631;
278;631;409;
279;409;410;
280;410;632;
281;632;206;
282;206;207;
283;207;633;
284;633;208;
285;208;209;
286;207;402;
287;402;210;
288;212;574;
289;574;213;
290;213;644;
291;644;413;
292;413;582;
293;582;414;
294;414;564;
295;564;214;
296;214;416;
297;416;215;
298;215;567;
299;567;216;
300;213;217;
301;217;218;
302;218;412;
303;412;411;
304;411;583;
305;583;219;
306;219;741;
307;741;220;
308;220;797;
309;797;796;
310;796;211;
311;216;225;
312;228;72;
313;72;425;
314;425;557;
315;557;423;
316;423;226;
317;226;224;
318;224;642;
319;642;229;
320;229;221;
321;221;222;
322;222;558;
323;558;225;
324;225;415;
325;415;220;
326;232;13;
327;13;257;
328;257;76;
329;76;125;
330;125;24;
331;24;107;
332;107;254;
333;254;2;
334;236;572;
335;572;237;
336;237;643;
337;643;238;
338;238;239;
339;240;241;
340;243;241;
341;244;470;
342;470;615;
343;615;235;
344;235;398;
345;398;245;
346;245;612;
347;612;471;
348;471;613;
349;613;246;
350;246;614;
351;614;472;
352;472;641;
353;641;247;
354;247;248;
355;250;458;
356;458;459;
357;459;243;
358;243;248;
359;248;239;
360;239;244;
361;274;84;
362;308;274;
363;193;279;
364;694;328;
365;328;696;
366;696;326;
367;326;320;
368;320;319;
369;319;697;
370;697;690;
371;690;691;
372;691;698;
373;698;692;
374;692;693;
375;693;695;
376;695;694;
377;318;331;
378;331;754;
379;754;746;
380;746;755;
381;755;323;
382;323;366;
383;366;745;
384;745;327;
385;327;365;
386;365;744;
387;744;322;
388;322;743;
389;743;362;
390;362;742;
391;742;321;
392;321;330;
393;330;329;
394;284;332;
395;332;463;
396;463;464;
397;464;333;
398;333;293;
399;293;295;
400;295;278;
401;278;334;
402;334;546;
403;546;341;
404;341;346;
405;346;343;
406;258;299;
407;299;610;
408;610;609;
409;609;303;
410;303;290;
411;290;689;
412;689;282;
413;282;431;
414;431;820;
415;820;288;
416;288;711;
417;711;601;
418;601;600;
419;600;289;
420;289;313;
421;343;342;
422;346;348;
423;348;349;
424;345;347;
425;347;344;
426;344;343;
427;335;336;
428;336;337;
429;337;340;
430;27;350;
431;376;374;
432;374;23;
433;23;382;
434;382;386;
435;108;121;
436;121;794;
437;794;396;
438;396;25;
439;25;461;
440;384;443;
441;443;385;
442;385;389;
443;389;269;
444;392;446;
445;446;395;
446;395;15;
447;15;428;
448;428;394;
449;394;445;
450;445;388;
451;49;359;
452;359;434;
453;434;360;
454;360;48;
455;48;361;
456;164;418;
457;418;419;
458;419;420;
459;420;421;
460;421;422;
461;422;424;
462;424;655;
463;655;656;
464;656;657;
465;657;658;
466;658;661;
467;661;659;
468;659;660;
469;323;370;
470;44;435;
471;435;436;
472;436;361;
473;361;364;
474;364;462;
475;462;14;
476;14;437;
477;437;363;
478;363;44;
479;405;406;
480;406;408;
481;400;401;
482;401;457;
483;457;404;
484;370;748;
485;748;753;
486;753;369;
487;369;367;
488;367;750;
489;750;368;
490;368;749;
491;749;371;
492;371;372;
493;372;751;
494;751;747;
495;747;752;
496;752;370;
497;403;404;
498;404;405;
499;405;400;
500;400;399;
501;452;453;
502;453;450;
503;450;451;
504;451;294;
505;351;27;
506;27;356;
507;29;350;
508;350;28;
509;28;473;
510;473;353;
511;353;354;
512;93;1;
513;1;298;
514;313;452;
515;452;720;
516;720;723;
517;723;449;
518;449;291;
519;291;587;
520;587;584;
521;584;345;
522;345;300;
523;300;298;
524;298;285;
525;285;312;
526;312;316;
527;316;305;
528;305;297;
529;297;301;
530;343;585;
531;585;586;
532;586;306;
533;306;294;
534;294;296;
535;296;311;
536;311;315;
537;384;427;
538;427;387;
539;387;758;
540;758;390;
541;390;392;
542;392;393;
543;393;760;
544;760;391;
545;391;388;
546;388;386;
547;386;429;
548;429;383;
549;383;430;
550;430;380;
551;380;378;
552;378;376;
553;376;375;
554;375;377;
555;377;759;
556;759;379;
557;379;756;
558;756;381;
559;381;757;
560;757;384;
561;315;455;
562;455;304;
563;304;708;
564;708;713;
565;713;433;
566;433;432;
567;432;712;
568;712;714;
569;714;467;
570;467;468;
571;468;469;
572;469;281;
573;281;611;
574;611;307;
575;307;310;
576;310;252;
577;89;568;
578;568;71;
579;71;85;
580;85;227;
581;227;466;
582;466;544;
583;544;87;
584;87;211;
585;211;465;
586;465;236;
587;236;84;
588;84;349;
589;349;70;
590;70;343;
591;343;460;
592;460;298;
593;461;32;
594;32;269;
595;26;47;
596;47;74;
597;74;27;
598;26;462;
599;238;242;
600;244;251;
601;83;639;
602;639;640;
603;640;308;
604;173;79;
605;79;201;
606;201;212;
607;212;634;
608;634;80;
609;80;635;
610;635;81;
611;81;636;
612;636;82;
613;82;638;
614;638;637;
615;637;223;
616;223;83;
617;241;238;
618;474;473;
619;477;488;
620;488;476;
621;476;481;
622;481;491;
623;491;493;
624;493;486;
625;486;489;
626;489;505;
627;505;480;
628;480;492;
629;492;482;
630;482;497;
631;497;499;
632;499;506;
633;506;494;
634;494;510;
635;510;478;
636;478;487;
637;487;498;
638;498;490;
639;490;509;
640;509;507;
641;507;502;
642;502;479;
643;479;504;
644;504;501;
645;501;483;
646;483;495;
647;495;485;
648;485;484;
649;484;508;
650;508;496;
651;496;503;
652;503;500;
653;532;526;
654;526;516;
655;516;530;
656;530;514;
657;514;520;
658;520;513;
659;513;522;
660;522;524;
661;524;527;
662;527;531;
663;531;525;
664;525;539;
665;539;512;
666;512;518;
667;518;529;
668;529;519;
669;519;528;
670;528;523;
671;523;517;
672;517;511;
673;511;515;
674;515;521;
675;539;533;
676;533;535;
677;535;536;
678;536;534;
679;534;538;
680;538;537;
681;537;552;
682;552;553;
683;553;554;
684;554;253;
685;19;540;
686;540;541;
687;541;542;
688;542;543;
689;543;540;
690;532;555;
691;555;556;
692;556;272;
693;558;559;
694;559;569;
695;569;560;
696;560;570;
697;570;561;
698;561;562;
699;562;415;
700;80;685;
701;685;563;
702;563;672;
703;672;673;
704;673;674;
705;674;671;
706;671;670;
707;670;669;
708;564;603;
709;603;604;
710;604;565;
711;565;412;
712;571;572;
713;572;573;
714;574;575;
715;575;576;
716;577;576;
717;576;578;
718;218;580;
719;580;581;
720;581;582;
721;584;585;
722;586;587;
723;129;588;
724;588;589;
725;589;590;
726;590;591;
727;591;594;
728;594;596;
729;596;597;
730;597;599;
731;599;592;
732;592;593;
733;593;595;
734;595;598;
735;598;600;
736;616;617;
737;617;620;
738;620;618;
739;618;619;
740;90;78;
741;78;176;
742;176;160;
743;160;173;
744;90;181;
745;181;174;
746;174;182;
747;182;255;
748;255;183;
749;183;141;
750;279;194;
751;194;772;
752;772;302;
753;302;773;
754;773;605;
755;605;771;
756;771;280;
757;280;286;
758;286;770;
759;770;769;
760;769;277;
761;277;768;
762;768;314;
763;314;767;
764;767;195;
765;195;766;
766;766;196;
767;196;765;
768;765;764;
769;764;197;
770;197;763;
771;763;275;
772;275;198;
773;198;199;
774;199;200;
775;200;294;
776;644;667;
777;667;645;
778;645;646;
779;646;647;
780;647;648;
781;648;649;
782;649;668;
783;668;577;
784;654;653;
785;653;652;
786;652;651;
787;651;650;
788;650;578;
789;578;579;
790;662;663;
791;663;664;
792;664;665;
793;665;666;
794;669;682;
795;682;675;
796;675;676;
797;676;677;
798;677;678;
799;678;679;
800;679;680;
801;680;563;
802;682;684;
803;684;683;
804;683;681;
805;681;669;
806;687;688;
807;304;818;
808;818;710;
809;710;819;
810;819;707;
811;707;816;
812;816;709;
813;709;817;
814;817;708;
815;315;292;
816;292;309;
817;309;313;
818;720;721;
819;721;722;
820;722;723;
821;724;727;
822;727;728;
823;728;729;
824;732;733;
825;733;734;
826;734;735;
827;735;736;
828;462;438;
829;438;440;
830;440;373;
831;373;442;
832;442;379;
833;777;809;
834;809;808;
835;808;276;
836;276;807;
837;807;806;
838;806;774;
839;774;775;
840;775;805;
841;805;776;
842;776;777;
843;269;5;
844;5;444;
845;444;392;
846;339;787;
847;787;785;
848;785;793;
849;793;791;
850;791;789;
851;789;99;
852;786;788;
853;788;790;
854;790;792;
855;792;787;
856;788;789;
857;790;791;
858;792;793;
859;108;6;
860;6;397;
861;397;715;
862;715;7;
863;7;716;
864;716;8;
865;8;338;
866;338;93;
867;55;718;
868;718;719;
869;719;56;
870;56;717;
871;717;57;
872;55;58;
873;58;54;
874;54;75;
875;75;53;
876;220;795;
877;795;230;
878;230;798;
879;798;799;
880;799;801;
881;801;231;
882;231;800;
883;800;223;
884;279;804;
885;804;283;
886;283;803;
887;803;802;
888;802;777;
889;666;834;
890;834;821;
891;821;822;
892;822;823;
893;823;824;
894;824;825;
895;825;833;
896;833;826;
897;826;827;
898;827;832;
899;832;828;
900;828;831;
901;831;829;
902;829;830;
