111424803;41.16345;-8.663129;-0.1512001;0.7184377
111830201;41.16253;-8.655945;-0.1510747;0.7184216
112290053;41.17509;-8.653272;-0.1510281;0.7186409
112290054;41.17482;-8.653547;-0.1510329;0.7186362
112291402;41.1753;-8.653004;-0.1510234;0.7186445
301110290;41.17294;-8.67433;-0.1513956;0.7186034
311887298;41.1618;-8.671358;-0.1513437;0.7184089
312402710;41.1616;-8.667327;-0.1512734;0.7184055
312402712;41.16313;-8.668368;-0.1512916;0.7184322
312402714;41.16323;-8.668439;-0.1512928;0.718434
312402715;41.16332;-8.668535;-0.1512945;0.7184355
312402718;41.16339;-8.668679;-0.151297;0.7184367
312402720;41.16385;-8.671498;-0.1513462;0.7184446
312402722;41.16336;-8.672115;-0.151357;0.7184362
312402725;41.16222;-8.672249;-0.1513593;0.7184163
314043528;41.16093;-8.658477;-0.1511189;0.7183937
314073914;41.1618;-8.660044;-0.1511463;0.7184089
314073915;41.16199;-8.660479;-0.1511539;0.7184123
314073917;41.16252;-8.661681;-0.1511749;0.7184215
314073918;41.16282;-8.662086;-0.1511819;0.7184266
314073919;41.16348;-8.662972;-0.1511974;0.7184381
314074036;41.16241;-8.661492;-0.1511716;0.7184196
408439364;41.16373;-8.662944;-0.1511969;0.7184426
408439365;41.17051;-8.657194;-0.1510965;0.7185609
409083012;41.1731;-8.655024;-0.1510587;0.7186062
410769896;41.17529;-8.660798;-0.1511594;0.7186444
410769897;41.17487;-8.660623;-0.1511564;0.718637
410769898;41.17277;-8.66046;-0.1511535;0.7186005
410769899;41.17234;-8.660299;-0.1511507;0.7185929
410769900;41.17198;-8.659965;-0.1511449;0.7185866
410769901;41.17068;-8.657522;-0.1511023;0.7185639
410769902;41.1706;-8.657357;-0.1510994;0.7185625
428217626;41.17283;-8.674192;-0.1513932;0.7186014
428217627;41.17244;-8.673674;-0.1513842;0.7185946
428217628;41.17216;-8.673332;-0.1513782;0.7185898
428217629;41.17172;-8.672701;-0.1513672;0.7185821
428217631;41.17144;-8.672112;-0.1513569;0.7185771
428217632;41.17114;-8.671622;-0.1513484;0.7185719
428217633;41.17092;-8.671313;-0.151343;0.7185681
428217634;41.17064;-8.670938;-0.1513364;0.7185633
428217636;41.16992;-8.670242;-0.1513243;0.7185507
428217637;41.16977;-8.669893;-0.1513182;0.7185479
428217638;41.16939;-8.669456;-0.1513105;0.7185414
428217640;41.16882;-8.668499;-0.1512938;0.7185315
428217641;41.1687;-8.668381;-0.1512918;0.7185295
428217642;41.16684;-8.666306;-0.1512556;0.7184968
428217648;41.16562;-8.664537;-0.1512247;0.7184756
428217651;41.16541;-8.664075;-0.1512166;0.7184719
428217652;41.16527;-8.663885;-0.1512133;0.7184694
428217655;41.16412;-8.663229;-0.1512019;0.7184495
428217657;41.1639;-8.662786;-0.1511941;0.7184455
429381406;41.1701;-8.657546;-0.1511027;0.7185538
429381407;41.16632;-8.649857;-0.1509685;0.7184879
429381408;41.16653;-8.651192;-0.1509918;0.7184916
429381416;41.16623;-8.65982;-0.1511424;0.7184862
429381417;41.16737;-8.658853;-0.1511255;0.7185061
429381418;41.16945;-8.657093;-0.1510948;0.7185425
429381419;41.16977;-8.656837;-0.1510903;0.718548
429432811;41.16699;-8.653996;-0.1510407;0.7184995
429432812;41.16719;-8.655173;-0.1510613;0.7185029
429432820;41.16659;-8.660516;-0.1511545;0.7184926
429432823;41.16533;-8.65794;-0.1511096;0.7184705
429432824;41.16725;-8.655796;-0.1510721;0.718504
429432825;41.16722;-8.656125;-0.1510779;0.7185035
429432826;41.16716;-8.656384;-0.1510824;0.7185026
429432827;41.16705;-8.656696;-0.1510879;0.7185005
429432828;41.16693;-8.656911;-0.1510916;0.7184985
429432829;41.16672;-8.657157;-0.1510959;0.7184948
429432831;41.16651;-8.657312;-0.1510986;0.7184912
429432832;41.16632;-8.657397;-0.1511001;0.7184879
429433589;41.17387;-8.66053;-0.1511548;0.7186195
429433590;41.17093;-8.65685;-0.1510905;0.7185682
429433591;41.17175;-8.657997;-0.1511106;0.7185825
429433592;41.17244;-8.658877;-0.1511259;0.7185947
429433593;41.17327;-8.659843;-0.1511428;0.7186092
429433594;41.17359;-8.660197;-0.151149;0.7186147
429433615;41.17354;-8.660501;-0.1511543;0.7186138
429541654;41.1762;-8.656878;-0.151091;0.7186603
429541655;41.1759;-8.656675;-0.1510875;0.7186549
429541656;41.17537;-8.656354;-0.1510819;0.7186458
429541657;41.17509;-8.656199;-0.1510792;0.7186409
429541658;41.17457;-8.655839;-0.1510729;0.7186318
429541669;41.17424;-8.655625;-0.1510692;0.718626
429541675;41.17395;-8.655453;-0.1510662;0.7186211
429541679;41.1735;-8.655265;-0.1510629;0.7186131
429541682;41.17331;-8.655144;-0.1510608;0.7186098
429542189;41.1743;-8.661982;-0.1511801;0.7186272
429542190;41.17409;-8.661998;-0.1511804;0.7186235
429542191;41.17368;-8.662182;-0.1511836;0.7186162
429542192;41.17319;-8.662508;-0.1511893;0.7186077
429542193;41.17273;-8.662896;-0.1511961;0.7185997
429542194;41.17144;-8.664675;-0.1512271;0.7185773
429542198;41.16875;-8.668436;-0.1512928;0.7185303
429544144;41.16972;-8.667079;-0.1512691;0.7185472
429544145;41.16927;-8.667717;-0.1512802;0.7185392
429544555;41.17623;-8.659381;-0.1511347;0.7186608
429544556;41.17614;-8.659537;-0.1511374;0.7186592
429544557;41.17547;-8.660805;-0.1511596;0.7186475
429544558;41.17535;-8.661034;-0.1511635;0.7186454
429544560;41.17501;-8.661698;-0.1511752;0.7186395
429544563;41.17473;-8.661959;-0.1511797;0.7186347
429544564;41.17438;-8.662252;-0.1511848;0.7186285
429544565;41.17354;-8.663054;-0.1511988;0.7186139
429544566;41.17305;-8.663597;-0.1512083;0.7186053
429544568;41.17209;-8.66492;-0.1512314;0.7185886
429544569;41.17167;-8.665513;-0.1512417;0.7185813
429544571;41.17159;-8.665749;-0.1512458;0.7185797
429544573;41.17144;-8.666216;-0.151254;0.7185772
429544575;41.17112;-8.667192;-0.151271;0.7185716
429544576;41.1711;-8.667446;-0.1512755;0.7185712
429544577;41.17112;-8.66762;-0.1512785;0.7185715
429544578;41.17117;-8.667793;-0.1512815;0.7185724
429544580;41.17143;-8.668315;-0.1512906;0.718577
429544581;41.17149;-8.668578;-0.1512952;0.718578
429544582;41.17146;-8.66877;-0.1512986;0.7185776
429544585;41.17129;-8.669299;-0.1513078;0.7185745
429544588;41.17093;-8.670479;-0.1513284;0.7185683
429544589;41.17078;-8.671073;-0.1513388;0.7185656
429544631;41.1697;-8.666982;-0.1512674;0.7185469
429544632;41.16971;-8.666798;-0.1512642;0.718547
429544633;41.16975;-8.666709;-0.1512626;0.7185476
429544634;41.17009;-8.666238;-0.1512544;0.7185537
429544635;41.17028;-8.666183;-0.1512534;0.7185569
429544636;41.17037;-8.666184;-0.1512534;0.7185585
429661809;41.17542;-8.660907;-0.1511613;0.7186466
495503418;41.16336;-8.663183;-0.1512011;0.7184361
495503425;41.16328;-8.662748;-0.1511935;0.7184349
495503467;41.16346;-8.663223;-0.1512018;0.7184379
495503487;41.16211;-8.660773;-0.151159;0.7184144
495503656;41.16358;-8.669821;-0.1513169;0.71844
495503718;41.16314;-8.669966;-0.1513194;0.7184324
495503736;41.16321;-8.670183;-0.1513232;0.7184335
495503753;41.16325;-8.670404;-0.1513271;0.7184342
495503768;41.16298;-8.670692;-0.1513321;0.7184296
495503785;41.16273;-8.671015;-0.1513378;0.7184251
495503801;41.16253;-8.671103;-0.1513393;0.7184216
495503818;41.16214;-8.671268;-0.1513422;0.718415
495503825;41.16191;-8.671332;-0.1513433;0.7184108
495503976;41.16372;-8.664554;-0.151225;0.7184424
495503981;41.16354;-8.664217;-0.1512191;0.7184393
495503988;41.16347;-8.664207;-0.151219;0.7184381
495503994;41.16314;-8.664314;-0.1512208;0.7184324
495504022;41.16241;-8.667881;-0.1512831;0.7184197
495504071;41.16291;-8.668221;-0.151289;0.7184283
497301822;41.16999;-8.670334;-0.1513259;0.7185519
497301826;41.16986;-8.670526;-0.1513292;0.7185496
497301828;41.16975;-8.670654;-0.1513315;0.7185476
497301829;41.1696;-8.670697;-0.1513322;0.7185451
497301837;41.16949;-8.670714;-0.1513325;0.7185432
497301840;41.1692;-8.670595;-0.1513304;0.7185382
497301843;41.16878;-8.670409;-0.1513272;0.7185307
497301848;41.16836;-8.670225;-0.151324;0.7185234
497301850;41.1681;-8.670148;-0.1513226;0.7185189
497301854;41.16783;-8.670235;-0.1513241;0.7185141
497301858;41.16748;-8.670385;-0.1513268;0.7185081
497301862;41.16722;-8.670706;-0.1513324;0.7185035
497301866;41.16704;-8.670864;-0.1513351;0.7185004
497301871;41.16679;-8.670952;-0.1513367;0.7184961
497301908;41.17049;-8.671001;-0.1513375;0.7185607
497301941;41.17011;-8.671563;-0.1513473;0.718554
497301944;41.17006;-8.671619;-0.1513483;0.7185531
497301949;41.16995;-8.671638;-0.1513487;0.7185512
497301952;41.16832;-8.670932;-0.1513363;0.7185227
497301957;41.16816;-8.67095;-0.1513366;0.71852
497301968;41.16684;-8.671962;-0.1513543;0.7184969
497310567;41.16732;-8.667531;-0.151277;0.7185053
497310577;41.16683;-8.667492;-0.1512763;0.7184967
497310608;41.16784;-8.668629;-0.1512961;0.7185143
497310618;41.16623;-8.668515;-0.1512941;0.7184862
497310676;41.1675;-8.669183;-0.1513058;0.7185084
497310684;41.16619;-8.669093;-0.1513042;0.7184857
497310716;41.16717;-8.669733;-0.1513154;0.7185026
497310736;41.16617;-8.669672;-0.1513143;0.7184852
497310787;41.16759;-8.667169;-0.1512706;0.7185101
497310804;41.16784;-8.66663;-0.1512612;0.7185144
497310898;41.16788;-8.66645;-0.1512581;0.718515
497310927;41.16793;-8.665604;-0.1512433;0.7185159
497310951;41.16788;-8.664548;-0.1512249;0.718515
497311009;41.16801;-8.669592;-0.1513129;0.7185172
497311023;41.16802;-8.669797;-0.1513165;0.7185175
497311039;41.16808;-8.669969;-0.1513195;0.7185186
497311073;41.16819;-8.670142;-0.1513225;0.7185205
497311112;41.16612;-8.670907;-0.1513359;0.7184844
497311142;41.16621;-8.668591;-0.1512955;0.7184859
497311160;41.16653;-8.668003;-0.1512852;0.7184915
497311177;41.16663;-8.667846;-0.1512824;0.7184932
497311197;41.16725;-8.666791;-0.151264;0.718504
497311253;41.16814;-8.669264;-0.1513072;0.7185197
497311263;41.16748;-8.668032;-0.1512857;0.718508
497311270;41.16782;-8.667411;-0.1512749;0.718514
497311278;41.16615;-8.670229;-0.151324;0.7184848
497311290;41.16665;-8.670259;-0.1513246;0.7184935
497311294;41.1669;-8.670129;-0.1513223;0.7184981
497311296;41.16703;-8.669954;-0.1513193;0.7185002
497311321;41.16842;-8.668895;-0.1513008;0.7185244
497311323;41.16814;-8.669264;-0.1513072;0.7185197
497311324;41.1677;-8.669993;-0.1513199;0.7185119
497317039;41.16598;-8.66582;-0.1512471;0.7184819
497317043;41.16575;-8.665496;-0.1512414;0.7184779
497317049;41.16557;-8.665786;-0.1512465;0.7184747
497317051;41.16521;-8.666551;-0.1512598;0.7184685
497317054;41.16465;-8.668535;-0.1512945;0.7184586
497317055;41.16498;-8.668423;-0.1512925;0.7184644
497317056;41.16494;-8.66817;-0.1512881;0.7184638
497317066;41.16494;-8.669389;-0.1513094;0.7184637
497317068;41.16494;-8.669962;-0.1513194;0.7184637
497317073;41.16576;-8.670897;-0.1513357;0.718478
497317074;41.1658;-8.669504;-0.1513114;0.7184788
497317077;41.16544;-8.668989;-0.1513024;0.7184725
497317079;41.16539;-8.668893;-0.1513007;0.7184716
497317082;41.16525;-8.668857;-0.1513001;0.7184692
497317086;41.16515;-8.668957;-0.1513018;0.7184674
497317088;41.16502;-8.669031;-0.1513031;0.7184651
497317089;41.1648;-8.669106;-0.1513044;0.7184613
497317099;41.16622;-8.665516;-0.1512418;0.7184861
497317102;41.16584;-8.666075;-0.1512515;0.7184795
497317105;41.16611;-8.666522;-0.1512593;0.7184842
497317106;41.16612;-8.666671;-0.1512619;0.7184844
497317107;41.166;-8.666912;-0.1512662;0.7184823
497317109;41.16604;-8.667457;-0.1512756;0.7184829
497317110;41.16593;-8.667711;-0.1512801;0.718481
497317111;41.16594;-8.667889;-0.1512832;0.7184811
497317113;41.16589;-8.667953;-0.1512843;0.7184802
497317117;41.16562;-8.667264;-0.1512723;0.7184756
497320541;41.16636;-8.660713;-0.151158;0.7184886
497320546;41.16602;-8.665215;-0.1512365;0.7184826
497320557;41.16664;-8.663326;-0.1512036;0.7184934
497320559;41.16727;-8.662223;-0.1511843;0.7185045
497320561;41.168;-8.661539;-0.1511724;0.7185171
497320564;41.16856;-8.661193;-0.1511663;0.7185268
497320568;41.1666;-8.662971;-0.1511974;0.7184927
497320573;41.1666;-8.662583;-0.1511906;0.7184927
497320578;41.16655;-8.661624;-0.1511739;0.7184919
497320580;41.16662;-8.661384;-0.1511697;0.7184931
497334145;41.16995;-8.663196;-0.1512013;0.7185512
497334149;41.17008;-8.663293;-0.151203;0.7185535
497334153;41.1701;-8.66389;-0.1512134;0.7185539
497334157;41.17016;-8.665205;-0.1512364;0.7185548
497334162;41.17017;-8.665598;-0.1512432;0.718555
497334166;41.1705;-8.666003;-0.1512503;0.7185608
497334189;41.1692;-8.665389;-0.1512396;0.718538
497334195;41.17011;-8.665349;-0.1512389;0.718554
497334204;41.1701;-8.665058;-0.1512338;0.7185538
497334212;41.16919;-8.665174;-0.1512358;0.7185379
497334226;41.17007;-8.664609;-0.151226;0.7185533
497334229;41.16936;-8.664652;-0.1512267;0.7185409
497334231;41.17011;-8.664019;-0.1512157;0.718554
497334233;41.16946;-8.664416;-0.1512226;0.7185426
497334235;41.16951;-8.664286;-0.1512203;0.7185435
497334237;41.16999;-8.664382;-0.151222;0.7185519
497334238;41.16999;-8.664268;-0.15122;0.7185518
497334239;41.16961;-8.664042;-0.151216;0.7185453
497334246;41.16921;-8.665712;-0.1512452;0.7185383
497334250;41.1692;-8.665051;-0.1512337;0.7185381
497334254;41.17025;-8.662497;-0.1511891;0.7185565
497334888;41.1694;-8.667373;-0.1512742;0.7185416
497690772;41.16563;-8.651905;-0.1510042;0.7184757
497869807;41.17294;-8.65943;-0.1511356;0.7186033
497869835;41.17441;-8.657335;-0.151099;0.7186291
497869919;41.17398;-8.656901;-0.1510914;0.7186216
497869949;41.17328;-8.656232;-0.1510797;0.7186093
497870044;41.17312;-8.656137;-0.1510781;0.7186065
497870519;41.16877;-8.649724;-0.1509662;0.7185306
497870653;41.17241;-8.651919;-0.1510045;0.7185941
497870665;41.17192;-8.652615;-0.1510166;0.7185857
497870704;41.17239;-8.654549;-0.1510504;0.7185938
497870717;41.17204;-8.654857;-0.1510557;0.7185876
497870732;41.17147;-8.655354;-0.1510644;0.7185777
497870739;41.1706;-8.656112;-0.1510776;0.7185626
497870801;41.1714;-8.65495;-0.1510574;0.7185764
497870815;41.17131;-8.654241;-0.151045;0.7185749
497870840;41.17143;-8.654114;-0.1510428;0.718577
497870856;41.17122;-8.654206;-0.1510444;0.7185733
497871140;41.17357;-8.653314;-0.1510288;0.7186144
497871206;41.17417;-8.654118;-0.1510428;0.7186248
497871216;41.17387;-8.653683;-0.1510352;0.7186195
497871234;41.17306;-8.652731;-0.1510186;0.7186055
497871248;41.1716;-8.650956;-0.1509877;0.71858
497871261;41.16999;-8.648971;-0.150953;0.7185518
497871330;41.17339;-8.654016;-0.1510411;0.7186111
497871379;41.17113;-8.651641;-0.1509996;0.7185718
497871391;41.17216;-8.652896;-0.1510215;0.7185898
497871453;41.16946;-8.653362;-0.1510297;0.7185426
497871509;41.17082;-8.65209;-0.1510075;0.7185664
497871564;41.1721;-8.654301;-0.151046;0.7185888
497871571;41.17191;-8.654084;-0.1510423;0.7185853
497871578;41.17162;-8.653542;-0.1510328;0.7185804
497871588;41.17146;-8.653048;-0.1510242;0.7185776
497871595;41.17128;-8.652667;-0.1510175;0.7185745
497871637;41.16866;-8.649094;-0.1509552;0.7185287
497871638;41.16891;-8.650526;-0.1509802;0.7185331
497871642;41.16939;-8.653111;-0.1510253;0.7185414
497871654;41.16953;-8.653605;-0.1510339;0.7185438
497922227;41.17125;-8.664305;-0.1512206;0.7185738
497922236;41.17131;-8.664586;-0.1512256;0.718575
497922261;41.17096;-8.663325;-0.1512036;0.7185689
497922265;41.17103;-8.663162;-0.1512007;0.7185701
497922268;41.17156;-8.661909;-0.1511788;0.7185792
497922299;41.16851;-8.660601;-0.151156;0.7185261
497922311;41.16868;-8.660684;-0.1511574;0.718529
497922320;41.16956;-8.660959;-0.1511623;0.7185443
497922327;41.17;-8.661362;-0.1511693;0.718552
497922338;41.17016;-8.661406;-0.15117;0.7185548
497922342;41.1703;-8.661313;-0.1511684;0.7185574
497922352;41.17043;-8.661507;-0.1511718;0.7185595
497922360;41.16993;-8.662268;-0.1511851;0.7185508
497922379;41.17043;-8.662608;-0.151191;0.7185595
497922385;41.17064;-8.662108;-0.1511823;0.7185633
497922406;41.16845;-8.660742;-0.1511585;0.718525
497922435;41.16485;-8.663644;-0.1512091;0.7184622
497922478;41.16948;-8.659254;-0.1511325;0.718543
497922482;41.16913;-8.659228;-0.151132;0.7185369
497922502;41.17117;-8.665054;-0.1512337;0.7185726
497922510;41.16822;-8.661068;-0.1511642;0.718521
497922515;41.17125;-8.664191;-0.1512187;0.7185739
497922520;41.17118;-8.663783;-0.1512115;0.7185726
497922523;41.17078;-8.662993;-0.1511978;0.7185658
497922547;41.17315;-8.657269;-0.1510978;0.718607
497922556;41.17346;-8.656867;-0.1510908;0.7186124
497922558;41.17368;-8.65659;-0.151086;0.7186163
497922568;41.17307;-8.656304;-0.151081;0.7186056
497922579;41.17304;-8.6626;-0.1511909;0.7186052
497922586;41.17241;-8.662577;-0.1511905;0.7185941
497922591;41.1719;-8.662203;-0.151184;0.7185852
497922595;41.1708;-8.661194;-0.1511663;0.7185661
497922598;41.17039;-8.660803;-0.1511595;0.7185588
497922601;41.16987;-8.6601;-0.1511473;0.7185497
497922604;41.16963;-8.659567;-0.1511379;0.7185456
497922607;41.16933;-8.6589;-0.1511263;0.7185404
497922611;41.16909;-8.658387;-0.1511174;0.7185361
497922627;41.17189;-8.661227;-0.1511669;0.7185851
497922633;41.17193;-8.660885;-0.151161;0.7185857
497922636;41.17185;-8.66048;-0.1511539;0.7185844
497922640;41.17174;-8.660236;-0.1511496;0.7185825
497922642;41.1713;-8.65986;-0.1511431;0.7185746
497922646;41.17088;-8.659546;-0.1511376;0.7185675
497922651;41.17049;-8.658842;-0.1511253;0.7185606
497922675;41.17115;-8.657184;-0.1510964;0.7185721
497922684;41.16868;-8.660167;-0.1511484;0.718529
497922687;41.16648;-8.661455;-0.1511709;0.7184905
497922691;41.1652;-8.663111;-0.1511998;0.7184682
497922726;41.17249;-8.657872;-0.1511084;0.7185955
497922736;41.17217;-8.657452;-0.151101;0.71859
497922743;41.17205;-8.657605;-0.1511037;0.7185878
497922746;41.17174;-8.657185;-0.1510964;0.7185825
497922754;41.17165;-8.65705;-0.151094;0.7185809
497922759;41.17133;-8.657415;-0.1511004;0.7185752
497922772;41.17213;-8.656695;-0.1510878;0.7185892
497922774;41.17226;-8.656553;-0.1510854;0.7185915
497922787;41.17244;-8.657104;-0.151095;0.7185946
497922805;41.17206;-8.65843;-0.1511181;0.7185881
497922809;41.17233;-8.658092;-0.1511122;0.7185926
497922814;41.17263;-8.657697;-0.1511053;0.7185979
497922817;41.17281;-8.657477;-0.1511015;0.718601
497922821;41.17306;-8.657148;-0.1510957;0.7186055
497922838;41.17268;-8.658581;-0.1511207;0.7185988
497922851;41.17249;-8.658312;-0.151116;0.7185955
497922861;41.17316;-8.65797;-0.1511101;0.7186071
497922866;41.17294;-8.657666;-0.1511048;0.7186033
497922877;41.1729;-8.658299;-0.1511158;0.7186027
497922892;41.17231;-8.657269;-0.1510979;0.7185923
497922928;41.17342;-8.657631;-0.1511042;0.7186117
497922937;41.17274;-8.656711;-0.1510881;0.7186
500009809;41.16584;-8.659049;-0.1511289;0.7184795
500009811;41.16456;-8.659707;-0.1511404;0.7184571
500009813;41.16561;-8.658554;-0.1511203;0.7184755
500009814;41.16447;-8.658899;-0.1511263;0.7184555
500009815;41.16429;-8.658939;-0.151127;0.7184524
500009816;41.16396;-8.660017;-0.1511458;0.7184467
500009817;41.16381;-8.659858;-0.151143;0.718444
500009818;41.16372;-8.659815;-0.1511423;0.7184424
500009819;41.16339;-8.659918;-0.1511441;0.7184367
500009820;41.16474;-8.662068;-0.1511816;0.7184602
500009821;41.1645;-8.661569;-0.1511729;0.7184561
500009822;41.16444;-8.661208;-0.1511666;0.718455
500009823;41.16435;-8.660694;-0.1511576;0.7184535
500009824;41.16547;-8.660884;-0.1511609;0.718473
500009825;41.16534;-8.66093;-0.1511617;0.7184706
500009826;41.16385;-8.661379;-0.1511696;0.7184446
500009827;41.16527;-8.660425;-0.1511529;0.7184695
500009828;41.16407;-8.660774;-0.151159;0.7184485
500009829;41.16403;-8.659832;-0.1511426;0.7184479
500009831;41.16434;-8.659738;-0.1511409;0.7184532
500009832;41.16454;-8.660017;-0.1511458;0.7184567
500009833;41.16463;-8.660612;-0.1511562;0.7184584
500009835;41.1661;-8.659552;-0.1511377;0.7184839
500009837;41.16658;-8.659516;-0.1511371;0.7184924
500009838;41.16654;-8.659351;-0.1511342;0.7184916
500009839;41.16651;-8.659111;-0.15113;0.7184911
500009840;41.16653;-8.658736;-0.1511234;0.7184915
500009841;41.16663;-8.658355;-0.1511168;0.7184932
500009842;41.16678;-8.657978;-0.1511102;0.7184958
500009844;41.1669;-8.657804;-0.1511072;0.7184981
500009845;41.16707;-8.657634;-0.1511042;0.7185009
500009848;41.17022;-8.655223;-0.1510621;0.7185559
500009850;41.16998;-8.655222;-0.1510621;0.7185516
500009852;41.16908;-8.654983;-0.1510579;0.718536
500009854;41.1688;-8.654794;-0.1510547;0.7185312
500009860;41.16839;-8.652504;-0.1510147;0.7185239
500009867;41.16766;-8.653152;-0.151026;0.7185113
500009870;41.16781;-8.653887;-0.1510388;0.7185138
500009871;41.16787;-8.654243;-0.151045;0.7185149
500009872;41.1679;-8.654403;-0.1510478;0.7185154
500009873;41.16798;-8.654857;-0.1510557;0.7185168
500009874;41.16797;-8.654918;-0.1510568;0.7185166
500009875;41.16637;-8.660096;-0.1511472;0.7184888
500009877;41.16444;-8.656194;-0.1510791;0.718455
500009878;41.16436;-8.656451;-0.1510836;0.7184536
500009879;41.16436;-8.65662;-0.1510865;0.7184535
500009880;41.16443;-8.65737;-0.1510996;0.7184549
500009881;41.16513;-8.658323;-0.1511163;0.718467
500009882;41.16501;-8.658404;-0.1511177;0.718465
500009883;41.16429;-8.658587;-0.1511208;0.7184523
500009884;41.16422;-8.658525;-0.1511198;0.7184511
500009885;41.16396;-8.657677;-0.151105;0.7184467
500009886;41.16547;-8.65249;-0.1510144;0.718473
500009887;41.16549;-8.652532;-0.1510152;0.7184734
500009888;41.16686;-8.654036;-0.1510414;0.7184973
500009975;41.16498;-8.654236;-0.1510449;0.7184645
500009991;41.16458;-8.655731;-0.151071;0.7184574
500009996;41.16616;-8.654883;-0.1510562;0.7184851
500010011;41.16574;-8.655419;-0.1510656;0.7184777
500010017;41.1654;-8.655509;-0.1510671;0.7184717
500010023;41.16402;-8.655987;-0.1510755;0.7184477
500010030;41.16361;-8.656048;-0.1510765;0.7184405
500010033;41.16328;-8.656585;-0.1510859;0.7184347
500010034;41.1627;-8.656912;-0.1510916;0.7184247
500010035;41.16522;-8.657499;-0.1511019;0.7184687
500010036;41.1653;-8.657151;-0.1510958;0.71847
500010037;41.16529;-8.656999;-0.1510931;0.7184698
500010038;41.16519;-8.656813;-0.1510899;0.7184681
500010041;41.16509;-8.656744;-0.1510887;0.7184664
500010044;41.16489;-8.656698;-0.1510879;0.7184629
500010047;41.16479;-8.65666;-0.1510872;0.7184612
500010051;41.16472;-8.65659;-0.151086;0.7184599
500010054;41.16454;-8.65627;-0.1510804;0.7184567
500010077;41.16588;-8.655491;-0.1510668;0.7184801
500010078;41.16604;-8.655498;-0.1510669;0.7184829
500010079;41.16631;-8.65544;-0.1510659;0.7184877
500010080;41.16668;-8.65426;-0.1510453;0.7184941
501142135;41.16666;-8.658273;-0.1511154;0.7184938
501142148;41.16672;-8.658117;-0.1511127;0.7184948
501142189;41.16648;-8.650856;-0.1509859;0.7184907
501142252;41.16363;-8.660278;-0.1511504;0.7184409
501142293;41.16655;-8.658607;-0.1511212;0.7184919
501142309;41.1665;-8.658987;-0.1511278;0.718491
501142402;41.16373;-8.660873;-0.1511608;0.7184426
501142553;41.16463;-8.658862;-0.1511257;0.7184584
501173301;41.1688;-8.655484;-0.1510667;0.7185312
501173305;41.16815;-8.6557;-0.1510705;0.7185197
501173321;41.168;-8.655057;-0.1510592;0.7185171
501173324;41.1683;-8.656495;-0.1510843;0.7185223
501173327;41.16761;-8.656691;-0.1510877;0.7185104
501173336;41.16756;-8.656361;-0.151082;0.7185094
501173340;41.16749;-8.65597;-0.1510752;0.7185082
501173346;41.16742;-8.655604;-0.1510688;0.718507
501173373;41.16824;-8.656157;-0.1510784;0.7185212
501173395;41.16792;-8.65545;-0.1510661;0.7185158
501173434;41.16776;-8.653588;-0.1510336;0.7185129
501173476;41.16856;-8.654224;-0.1510447;0.7185269
501173520;41.16925;-8.653501;-0.1510321;0.7185389
501173523;41.16858;-8.653706;-0.1510357;0.7185272
501173544;41.16853;-8.653355;-0.1510295;0.7185263
697477035;41.17652;-8.66452;-0.1512244;0.7186659
698816664;41.17638;-8.663877;-0.1512132;0.7186635
698816665;41.17626;-8.663503;-0.1512066;0.7186614
698816672;41.17422;-8.670913;-0.151336;0.7186257
784545910;41.16797;-8.687922;-0.1516328;0.7185166
1105954942;41.16801;-8.6695;-0.1513113;0.7185174
1105954953;41.16928;-8.667226;-0.1512716;0.7185394
1105954955;41.16568;-8.658428;-0.1511181;0.7184767
1105954956;41.16956;-8.667318;-0.1512732;0.7185443
1105954967;41.16602;-8.659124;-0.1511302;0.7184826
1105955003;41.16552;-8.658098;-0.1511123;0.7184739
1105955010;41.16586;-8.658787;-0.1511243;0.7184798
1239645067;41.16758;-8.688025;-0.1516346;0.7185099
1243857848;41.16338;-8.656465;-0.1510838;0.7184366
1243857995;41.16352;-8.656197;-0.1510791;0.718439
1249809159;41.16361;-8.664261;-0.1512199;0.7184405
1249809166;41.1637;-8.664482;-0.1512237;0.718442
1249809171;41.16351;-8.669852;-0.1513175;0.7184387
1249809179;41.16325;-8.670359;-0.1513263;0.7184342
1249809183;41.16323;-8.670441;-0.1513277;0.7184339
1264279299;41.16396;-8.66291;-0.1511963;0.7184466
1264279306;41.16519;-8.668905;-0.1513009;0.7184681
1264279316;41.1653;-8.670612;-0.1513307;0.71847
1264279318;41.16547;-8.669212;-0.1513063;0.718473
1264279329;41.16247;-8.655936;-0.1510746;0.7184206
1264279331;41.16579;-8.669775;-0.1513161;0.7184787
1264279350;41.16557;-8.669376;-0.1513092;0.7184747
1264279356;41.16775;-8.687466;-0.1516249;0.7185127
1264279358;41.16681;-8.682606;-0.1515401;0.7184964
1264279363;41.16532;-8.669749;-0.1513157;0.7184703
1264279369;41.16191;-8.652487;-0.1510144;0.7184108
1264279373;41.16296;-8.65971;-0.1511405;0.7184291
1264279381;41.16552;-8.669345;-0.1513086;0.7184739
1264279384;41.16367;-8.66433;-0.1512211;0.7184415
1264279385;41.16604;-8.677921;-0.1514583;0.7184829
1264279389;41.16489;-8.671209;-0.1513412;0.7184629
1264279393;41.16718;-8.684888;-0.1515799;0.7185028
1264279401;41.16379;-8.664751;-0.1512284;0.7184437
1264279403;41.16492;-8.670846;-0.1513348;0.7184634
1264279406;41.16237;-8.655338;-0.1510642;0.7184188
1264279415;41.16469;-8.669128;-0.1513048;0.7184594
1264279421;41.16241;-8.655592;-0.1510686;0.7184196
1264279427;41.16473;-8.669327;-0.1513083;0.71846
1264279436;41.16228;-8.655663;-0.1510698;0.7184173
1264279440;41.16352;-8.663021;-0.1511982;0.7184389
1264279445;41.16764;-8.687886;-0.1516322;0.7185109
1264279447;41.16355;-8.663295;-0.151203;0.7184395
1264279449;41.16224;-8.655439;-0.1510659;0.7184166
1264279453;41.16576;-8.669415;-0.1513098;0.718478
1264279457;41.16743;-8.686372;-0.1516058;0.7185072
1264279459;41.16514;-8.67181;-0.1513516;0.7184672
1264279461;41.16241;-8.656481;-0.1510841;0.7184196
1264279471;41.16458;-8.668533;-0.1512945;0.7184575
1264279476;41.16781;-8.687722;-0.1516294;0.7185138
1264279480;41.16404;-8.663087;-0.1511994;0.718448
1264279482;41.16486;-8.670822;-0.1513344;0.7184623
1264279487;41.16787;-8.687827;-0.1516312;0.7185148
1264279489;41.1649;-8.670393;-0.1513269;0.718463
1264279491;41.16275;-8.658525;-0.1511198;0.7184256
1264279493;41.16481;-8.670764;-0.1513334;0.7184615
1264279498;41.16545;-8.669076;-0.1513039;0.7184727
1264279502;41.16497;-8.670854;-0.1513349;0.7184642
1305103908;41.16251;-8.657059;-0.1510942;0.7184213
1487178602;41.16524;-8.657719;-0.1511057;0.718469
1487178612;41.16439;-8.657562;-0.151103;0.7184541
1487178617;41.16444;-8.657511;-0.1511021;0.718455
1487178619;41.16197;-8.652913;-0.1510218;0.7184119
1487179451;41.16684;-8.653087;-0.1510248;0.718497
1487179453;41.16702;-8.654129;-0.151043;0.7185
1487179459;41.16735;-8.655307;-0.1510636;0.7185059
1487179460;41.16689;-8.65336;-0.1510296;0.7184978
1561603498;41.17537;-8.652893;-0.1510215;0.7186457
1645995952;41.17026;-8.66655;-0.1512598;0.7185566
1645995959;41.16998;-8.666949;-0.1512668;0.7185516
1645995962;41.17025;-8.666341;-0.1512562;0.7185564
1645995966;41.16981;-8.666944;-0.1512667;0.7185487
1646007643;41.17034;-8.667183;-0.1512709;0.718558
1646007644;41.17065;-8.667403;-0.1512747;0.7185633
1646007645;41.17011;-8.666925;-0.1512664;0.718554
1646007646;41.1704;-8.667663;-0.1512793;0.718559
1646007647;41.17035;-8.667625;-0.1512786;0.7185581
1646007648;41.17069;-8.667356;-0.1512739;0.7185642
1646007649;41.1711;-8.667298;-0.1512729;0.7185712
1646061425;41.16979;-8.668386;-0.1512919;0.7185484
1646061429;41.16996;-8.667646;-0.151279;0.7185514
1646061434;41.16959;-8.667675;-0.1512795;0.7185448
1646061438;41.17066;-8.668514;-0.1512941;0.7185636
1646061439;41.16945;-8.667467;-0.1512758;0.7185425
1646061442;41.17011;-8.669315;-0.1513081;0.718554
1646061445;41.17105;-8.670107;-0.1513219;0.7185705
1646061447;41.17023;-8.667629;-0.1512787;0.7185562
1646061449;41.17046;-8.667833;-0.1512822;0.7185601
1646061451;41.16986;-8.668762;-0.1512984;0.7185495
1646061453;41.17069;-8.668799;-0.1512991;0.7185641
1646061455;41.17044;-8.669794;-0.1513164;0.7185598
1646061463;41.17031;-8.669632;-0.1513136;0.7185575
1646061464;41.1698;-8.667939;-0.1512841;0.7185486
1646061466;41.16975;-8.667656;-0.1512791;0.7185477
1646061468;41.16933;-8.667639;-0.1512788;0.7185404
1646061470;41.17052;-8.669569;-0.1513125;0.7185611
1646204077;41.16942;-8.664516;-0.1512243;0.7185419
1646204080;41.16904;-8.663434;-0.1512055;0.7185354
1646204081;41.16932;-8.662683;-0.1511924;0.7185402
1646204082;41.16877;-8.664048;-0.1512162;0.7185305
1646204085;41.16997;-8.663149;-0.1512005;0.7185516
1646204086;41.1688;-8.663957;-0.1512146;0.7185312
1646204088;41.17183;-8.664143;-0.1512178;0.718584
1646204090;41.16909;-8.663333;-0.1512037;0.7185361
1646204091;41.16993;-8.663248;-0.1512022;0.7185508
1646204100;41.16972;-8.663771;-0.1512113;0.7185471
1646204112;41.16967;-8.663877;-0.1512132;0.7185464
1646204113;41.16852;-8.664704;-0.1512276;0.7185262
1646204117;41.16856;-8.664605;-0.1512259;0.7185268
1646204118;41.16928;-8.662778;-0.151194;0.7185395
1646215033;41.17147;-8.666123;-0.1512524;0.7185777
1646215038;41.17346;-8.665284;-0.1512377;0.7186125
1646215043;41.17414;-8.665111;-0.1512347;0.7186244
1646215047;41.174;-8.664986;-0.1512325;0.7186219
1646215055;41.17205;-8.666445;-0.151258;0.7185878
1646215058;41.17335;-8.66558;-0.1512429;0.7186105
1646215062;41.173;-8.664769;-0.1512288;0.7186043
1646215066;41.17353;-8.664865;-0.1512304;0.7186137
1646215072;41.17241;-8.664487;-0.1512238;0.7185941
1646215094;41.17494;-8.666198;-0.1512537;0.7186382
1646225363;41.17248;-8.666184;-0.1512534;0.7185953
1646225367;41.17436;-8.66995;-0.1513192;0.7186281
1646225371;41.17473;-8.666468;-0.1512584;0.7186347
1646225384;41.17334;-8.666782;-0.1512639;0.7186103
1646225437;41.17531;-8.667036;-0.1512683;0.7186447
1646225441;41.17267;-8.666613;-0.1512609;0.7185986
1646250359;41.17525;-8.6639;-0.1512136;0.7186437
1646250364;41.17443;-8.664598;-0.1512258;0.7186295
1646250383;41.17517;-8.664302;-0.1512206;0.7186423
1668787468;41.174;-8.662587;-0.1511907;0.7186219
1668787473;41.17414;-8.662876;-0.1511957;0.7186244
1668787487;41.17425;-8.663532;-0.1512072;0.7186262
1705632524;41.16851;-8.664667;-0.151227;0.7185261
1705632525;41.16852;-8.664631;-0.1512263;0.7185262
1705632526;41.16853;-8.66461;-0.151226;0.7185263
1710314923;41.17263;-8.666548;-0.1512598;0.7185979
1710314927;41.17279;-8.666655;-0.1512617;0.7186007
1725588112;41.16228;-8.654842;-0.1510555;0.7184174
1725588141;41.16264;-8.656951;-0.1510923;0.7184237
1725588183;41.16348;-8.669201;-0.1513061;0.7184383
1725588187;41.16352;-8.662234;-0.1511845;0.718439
1725588189;41.16356;-8.662867;-0.1511955;0.7184396
1725588193;41.16365;-8.66298;-0.1511975;0.7184412
1725588195;41.1636;-8.663193;-0.1512012;0.7184404
1725588197;41.16362;-8.6637;-0.1512101;0.7184407
1725588199;41.16362;-8.662745;-0.1511934;0.7184407
1725588202;41.16364;-8.66342;-0.1512052;0.7184409
1725588203;41.16371;-8.662812;-0.1511946;0.7184423
1725588205;41.16385;-8.662833;-0.151195;0.7184446
1725589005;41.17015;-8.662424;-0.1511878;0.7185546
1725589006;41.17018;-8.662639;-0.1511916;0.7185552
1725589010;41.17036;-8.662573;-0.1511904;0.7185584
1788788505;41.16394;-8.657923;-0.1511093;0.7184463
1788788519;41.16399;-8.659915;-0.151144;0.7184471
1788788540;41.1641;-8.656043;-0.1510765;0.718449
1788788604;41.16517;-8.670995;-0.1513374;0.7184677
1788788609;41.16526;-8.671473;-0.1513457;0.7184693
1788788620;41.16577;-8.667521;-0.1512768;0.7184782
1788788622;41.1658;-8.671901;-0.1513532;0.7184787
1788788624;41.16581;-8.671679;-0.1513493;0.7184789
1788788626;41.16581;-8.671518;-0.1513465;0.718479
1788788632;41.16585;-8.66599;-0.15125;0.7184796
1788788640;41.16597;-8.653001;-0.1510234;0.7184817
1788788641;41.16599;-8.667068;-0.1512689;0.718482
1788788642;41.16605;-8.66728;-0.1512726;0.7184832
1788788646;41.16649;-8.662001;-0.1511804;0.7184908
1788788647;41.16652;-8.662201;-0.1511839;0.7184913
1788788651;41.16675;-8.663016;-0.1511982;0.7184954
1788788655;41.16697;-8.662641;-0.1511916;0.7184992
1788788662;41.16724;-8.655541;-0.1510677;0.7185038
1788788667;41.16753;-8.66112;-0.1511651;0.718509
1788788673;41.16763;-8.661839;-0.1511776;0.7185106
1788788674;41.16764;-8.653023;-0.1510237;0.7185109
1788788703;41.1679;-8.653754;-0.1510365;0.7185155
1788788704;41.16792;-8.665998;-0.1512502;0.7185158
1788788705;41.16794;-8.654956;-0.1510575;0.7185161
1788788706;41.16793;-8.664104;-0.1512171;0.7185159
1788788715;41.16799;-8.654023;-0.1510412;0.718517
1788788732;41.16803;-8.663733;-0.1512107;0.7185177
1788788735;41.16813;-8.655471;-0.1510665;0.7185194
1788788736;41.16816;-8.655251;-0.1510626;0.7185199
1788788748;41.16839;-8.662846;-0.1511952;0.7185239
1788788755;41.1685;-8.662631;-0.1511914;0.7185258
1788788776;41.16872;-8.654848;-0.1510556;0.7185296
1788788777;41.16868;-8.662539;-0.1511898;0.718529
1788788778;41.16872;-8.654585;-0.151051;0.7185297
1788788782;41.1692;-8.653163;-0.1510262;0.7185381
1788788788;41.16931;-8.659201;-0.1511316;0.71854
1788788790;41.1694;-8.653966;-0.1510402;0.7185415
1788788792;41.16946;-8.667681;-0.1512796;0.7185426
1788788796;41.16964;-8.658477;-0.1511189;0.7185457
1788788802;41.16982;-8.668594;-0.1512955;0.7185489
1788788816;41.16908;-8.66247;-0.1511886;0.718536
1788788854;41.17035;-8.667681;-0.1512796;0.7185581
1788788859;41.17042;-8.669617;-0.1513133;0.7185594
1788788861;41.17038;-8.657757;-0.1511064;0.7185587
1788788863;41.1706;-8.669391;-0.1513094;0.7185625
1788788864;41.17067;-8.669099;-0.1513043;0.7185637
1788788865;41.1707;-8.670815;-0.1513343;0.7185642
1788788866;41.17069;-8.669984;-0.1513198;0.7185641
1788788867;41.17095;-8.67005;-0.1513209;0.7185687
1788788869;41.17101;-8.66965;-0.1513139;0.7185696
1788788871;41.17105;-8.669534;-0.1513119;0.7185704
1788788872;41.1712;-8.66927;-0.1513073;0.718573
1837851064;41.16967;-8.664051;-0.1512162;0.7185463
1837851065;41.17001;-8.664327;-0.151221;0.7185523
1837851066;41.17149;-8.661838;-0.1511776;0.718578
1837851067;41.17151;-8.66217;-0.1511834;0.7185784
1837851068;41.17151;-8.662009;-0.1511806;0.7185785
1837851070;41.17168;-8.662013;-0.1511807;0.7185814
1837851071;41.17216;-8.662443;-0.1511882;0.7185897
1837851072;41.17242;-8.673223;-0.1513763;0.7185943
1837851076;41.17268;-8.662598;-0.1511908;0.7185989
1837851077;41.17288;-8.662584;-0.1511906;0.7186024
1837851087;41.17411;-8.671204;-0.1513411;0.7186239
1837851088;41.17437;-8.662123;-0.1511826;0.7186282
1837851104;41.17495;-8.661752;-0.1511761;0.7186385
1837851105;41.17497;-8.661929;-0.1511792;0.7186388
1837851107;41.17505;-8.662078;-0.1511818;0.7186401
1837851108;41.17543;-8.662318;-0.151186;0.7186469
1837851109;41.17565;-8.662498;-0.1511891;0.7186506
1837851110;41.17607;-8.663031;-0.1511984;0.718658
1850173251;41.1634;-8.668751;-0.1512982;0.7184369
1928750301;41.16644;-8.680324;-0.1515002;0.7184899
1928750338;41.16667;-8.680941;-0.151511;0.7184939
1928750339;41.16644;-8.679543;-0.1514866;0.7184899
2066725899;41.16439;-8.66828;-0.15129;0.7184541
2066725902;41.16459;-8.66921;-0.1513063;0.7184576
2066725903;41.16462;-8.669157;-0.1513053;0.7184582
2066725904;41.16465;-8.669823;-0.151317;0.7184588
2066725905;41.16467;-8.669709;-0.151315;0.718459
2066725906;41.16496;-8.66777;-0.1512811;0.7184641
2066725907;41.16499;-8.671011;-0.1513377;0.7184647
2066725909;41.16565;-8.67189;-0.151353;0.7184761
2127738969;41.17275;-8.655308;-0.1510636;0.7186
2163913945;41.17229;-8.66154;-0.1511724;0.718592
2163913946;41.17283;-8.661222;-0.1511669;0.7186014
2163913947;41.17201;-8.661987;-0.1511802;0.7185871
2163913948;41.17285;-8.660852;-0.1511604;0.7186018
2163913949;41.17242;-8.661434;-0.1511705;0.7185943
2163913950;41.17287;-8.660463;-0.1511536;0.7186021
2163913951;41.17278;-8.661216;-0.1511667;0.7186006
2163913952;41.17286;-8.661373;-0.1511695;0.7186019
2163913953;41.17322;-8.66191;-0.1511789;0.7186083
2163913954;41.17225;-8.661604;-0.1511735;0.7185913
2163913955;41.17208;-8.661854;-0.1511779;0.7185884
2163913956;41.17287;-8.661346;-0.151169;0.7186021
2163913957;41.17186;-8.662167;-0.1511833;0.7185844
2163913958;41.17272;-8.66133;-0.1511687;0.7185996
2163913959;41.17215;-8.661746;-0.151176;0.7185895
2163913960;41.17234;-8.661481;-0.1511714;0.7185929
2163913961;41.17194;-8.6621;-0.1511822;0.718586
2163913963;41.17344;-8.662333;-0.1511862;0.7186121
2163913964;41.17298;-8.661569;-0.1511729;0.7186041
2165720690;41.17471;-8.659837;-0.1511427;0.7186342
2165720697;41.17517;-8.659818;-0.1511423;0.7186422
2165720700;41.1746;-8.658992;-0.1511279;0.7186323
2165720701;41.17465;-8.659825;-0.1511425;0.7186332
2165720703;41.1741;-8.658978;-0.1511277;0.7186236
2165720704;41.17515;-8.662942;-0.1511969;0.718642
2165720706;41.17491;-8.66294;-0.1511968;0.7186377
2165720707;41.17462;-8.659792;-0.1511419;0.7186326
2165720708;41.17391;-8.658332;-0.1511164;0.7186202
2165720709;41.17541;-8.662412;-0.1511876;0.7186464
2165720718;41.17545;-8.658002;-0.1511106;0.7186472
2165720719;41.1749;-8.662788;-0.1511942;0.7186376
2165720720;41.17459;-8.659735;-0.1511409;0.7186322
2165720722;41.17604;-8.657993;-0.1511105;0.7186576
2165720723;41.1746;-8.659359;-0.1511343;0.7186324
2165720725;41.1746;-8.6596;-0.1511385;0.7186323
2165720733;41.17556;-8.666244;-0.1512545;0.7186491
2165720739;41.1753;-8.665348;-0.1512389;0.7186446
2165720742;41.17586;-8.663726;-0.1512105;0.7186543
2165720746;41.17403;-8.658976;-0.1511276;0.7186224
2165720752;41.17421;-8.657913;-0.1511091;0.7186255
2165720760;41.1751;-8.665646;-0.151244;0.718641
2165720761;41.1743;-8.65786;-0.1511082;0.7186272
2165720762;41.17461;-8.658613;-0.1511213;0.7186325
2165720763;41.17461;-8.658251;-0.151115;0.7186325
2165720764;41.17498;-8.662789;-0.1511942;0.718639
2165720765;41.17504;-8.662828;-0.1511949;0.71864
2165720766;41.17525;-8.658484;-0.1511191;0.7186438
2165720767;41.1747;-8.658522;-0.1511197;0.7186341
2165720768;41.175;-8.658487;-0.1511191;0.7186393
2165720771;41.17402;-8.660549;-0.1511551;0.7186222
2165720772;41.17582;-8.666588;-0.1512605;0.7186536
2165720773;41.17539;-8.658019;-0.1511109;0.7186462
2165720774;41.17535;-8.658474;-0.1511189;0.7186455
2165720775;41.17604;-8.657369;-0.1510996;0.7186576
2165720776;41.17404;-8.661434;-0.1511705;0.7186225
2165720777;41.1749;-8.66264;-0.1511916;0.7186376
2165720779;41.17589;-8.657994;-0.1511105;0.7186548
2165720780;41.17484;-8.658487;-0.1511191;0.7186365
2165720781;41.17464;-8.65856;-0.1511204;0.7186331
2165720787;41.17494;-8.662781;-0.1511941;0.7186383
2165720790;41.17533;-8.665923;-0.1512489;0.718645
2165720793;41.17517;-8.662911;-0.1511963;0.7186423
2165720794;41.17537;-8.658072;-0.1511119;0.7186457
2165720797;41.17537;-8.659432;-0.1511356;0.7186458
2165720799;41.1754;-8.659641;-0.1511393;0.7186463
2165720801;41.17537;-8.659764;-0.1511414;0.7186458
2165720804;41.1753;-8.659817;-0.1511423;0.7186446
2209850616;41.1732;-8.672288;-0.15136;0.718608
2234962151;41.1741;-8.6692;-0.1513061;0.7186235
2234962156;41.17418;-8.669452;-0.1513105;0.718625
2234962165;41.17414;-8.669368;-0.151309;0.7186242
2234962167;41.17521;-8.66915;-0.1513052;0.718643
2234962198;41.17508;-8.669166;-0.1513055;0.7186407
2234962204;41.17415;-8.669149;-0.1513052;0.7186245
2234962237;41.17459;-8.667215;-0.1512714;0.7186322
2234962265;41.17533;-8.669135;-0.1513049;0.7186452
2234962272;41.17543;-8.669116;-0.1513046;0.7186468
2234962284;41.17429;-8.669777;-0.1513162;0.7186269
2234962291;41.17403;-8.666644;-0.1512615;0.7186224
2234962323;41.17431;-8.669091;-0.1513042;0.7186273
2234962344;41.17449;-8.669065;-0.1513037;0.7186304
2234962399;41.1741;-8.666871;-0.1512654;0.7186235
2234962406;41.1749;-8.669159;-0.1513054;0.7186375
2234962414;41.17474;-8.669114;-0.1513046;0.7186348
2234962424;41.17546;-8.669097;-0.1513043;0.7186474
2334443316;41.1763;-8.663612;-0.1512086;0.718662
2334443317;41.17635;-8.663788;-0.1512116;0.7186629
2354879815;41.17278;-8.662718;-0.1511929;0.7186005
2354879816;41.17276;-8.66286;-0.1511954;0.7186002
2364511664;41.16461;-8.656365;-0.1510821;0.718458
2458501704;41.17622;-8.663635;-0.151209;0.7186605
2529071495;41.16579;-8.660267;-0.1511502;0.7184787
2529071496;41.16551;-8.660351;-0.1511516;0.7184737
2575056873;41.17421;-8.661983;-0.1511801;0.7186256
2575056890;41.16358;-8.663;-0.1511979;0.71844
2585378029;41.17414;-8.662457;-0.1511884;0.7186244
2678256873;41.16201;-8.653158;-0.1510261;0.7184126
2678256909;41.16211;-8.653766;-0.1510367;0.7184143
2958452614;41.16546;-8.66147;-0.1511712;0.7184728
2958452631;41.16866;-8.658751;-0.1511237;0.7185287
2970939905;41.16739;-8.685334;-0.1515877;0.7185066
2970939907;41.16752;-8.686089;-0.1516008;0.7185087
2970940952;41.16768;-8.687042;-0.1516175;0.7185115
3605258295;41.16396;-8.660191;-0.1511488;0.7184466
3654771848;41.16417;-8.659728;-0.1511408;0.7184504
3654771849;41.16449;-8.659863;-0.1511431;0.7184558
3654771850;41.16417;-8.659516;-0.1511371;0.7184502
3654771851;41.16423;-8.659386;-0.1511348;0.7184513
3654771852;41.16436;-8.658584;-0.1511208;0.7184537
3753025800;41.17389;-8.671474;-0.1513458;0.7186199
3897692255;41.16156;-8.65967;-0.1511398;0.7184047
4008448859;41.17274;-8.652329;-0.1510116;0.7185999
4008449154;41.17413;-8.654022;-0.1510412;0.7186241
4008449168;41.17428;-8.65403;-0.1510413;0.7186267
4081012459;41.17535;-8.666683;-0.1512622;0.7186455
4213197438;41.16353;-8.668628;-0.1512961;0.7184392
4213197439;41.1635;-8.668462;-0.1512932;0.7184386
4213197440;41.1641;-8.668276;-0.15129;0.7184491
4213197441;41.16413;-8.668446;-0.1512929;0.7184495
4230347376;41.16796;-8.658355;-0.1511168;0.7185164
4230347377;41.16829;-8.659064;-0.1511292;0.7185223
4257840301;41.16579;-8.658949;-0.1511272;0.7184786
4422245551;41.16325;-8.659958;-0.1511448;0.7184343
4422245552;41.16315;-8.659985;-0.1511452;0.7184326
4422245553;41.16467;-8.659133;-0.1511304;0.7184591
4422245554;41.1643;-8.659244;-0.1511323;0.7184525
4422245555;41.16416;-8.658972;-0.1511276;0.7184501
4422245556;41.16435;-8.659126;-0.1511303;0.7184535
4422245557;41.1641;-8.659203;-0.1511316;0.718449
4422245558;41.16472;-8.659379;-0.1511347;0.7184599
4422245560;41.16463;-8.659385;-0.1511348;0.7184584
4422245561;41.16573;-8.658824;-0.151125;0.7184775
4422245562;41.1659;-8.659158;-0.1511308;0.7184805
4422245564;41.16619;-8.659479;-0.1511364;0.7184856
4422245565;41.16557;-8.658462;-0.1511187;0.7184746
4422245566;41.16544;-8.658177;-0.1511137;0.7184724
4422245567;41.16619;-8.6587;-0.1511228;0.7184856
4422245568;41.16616;-8.658284;-0.1511156;0.7184851
4422245569;41.16615;-8.658168;-0.1511135;0.7184848
4422245570;41.1662;-8.657899;-0.1511088;0.7184857
4422245571;41.16605;-8.657932;-0.1511094;0.7184832
4422245572;41.16595;-8.657515;-0.1511021;0.7184813
4422245573;41.16707;-8.657465;-0.1511013;0.718501
4422245574;41.16711;-8.657249;-0.1510975;0.7185017
4422245575;41.16719;-8.657103;-0.1510949;0.7185029
4422245576;41.16748;-8.656739;-0.1510886;0.7185081
4422245577;41.16753;-8.656615;-0.1510864;0.718509
4422245578;41.16751;-8.656459;-0.1510837;0.7185085
4422245579;41.16745;-8.656162;-0.1510785;0.7185075
4422245580;41.1674;-8.655868;-0.1510734;0.7185067
4422245581;41.16736;-8.655631;-0.1510693;0.7185059
4422245582;41.16715;-8.657183;-0.1510963;0.7185023
4422245583;41.16656;-8.657363;-0.1510995;0.7184921
4422245584;41.16643;-8.657352;-0.1510993;0.7184898
4422245586;41.16599;-8.657645;-0.1511044;0.718482
4422246592;41.16648;-8.657531;-0.1511024;0.7184907
4422246594;41.1671;-8.657308;-0.1510985;0.7185015
4422246595;41.16653;-8.657806;-0.1511072;0.7184915
4422246620;41.16877;-8.654786;-0.1510545;0.7185305
4422246622;41.16393;-8.657789;-0.1511069;0.7184461
4422246623;41.16393;-8.657854;-0.1511081;0.7184461
4422246624;41.16394;-8.657718;-0.1511057;0.7184463
4422246625;41.16425;-8.658565;-0.1511205;0.7184517
4422246626;41.16508;-8.658373;-0.1511171;0.7184662
4426255055;41.16749;-8.671473;-0.1513457;0.7185082
4439996046;41.17009;-8.658044;-0.1511114;0.7185535
4439996047;41.16837;-8.660867;-0.1511606;0.7185235
4439996048;41.16825;-8.660783;-0.1511592;0.7185216
4439996049;41.16804;-8.660737;-0.1511584;0.7185178
4439996050;41.16787;-8.660815;-0.1511597;0.7185149
4439996051;41.16769;-8.660971;-0.1511625;0.7185117
4439996069;41.16534;-8.664783;-0.151229;0.7184708
4440997257;41.1671;-8.662469;-0.1511886;0.7185014
4440997258;41.16686;-8.662235;-0.1511845;0.7184972
4441072269;41.17258;-8.673032;-0.151373;0.7185971
4441072282;41.17334;-8.67212;-0.1513571;0.7186103
4441072284;41.17324;-8.67198;-0.1513546;0.7186086
4441072285;41.17402;-8.671024;-0.1513379;0.7186222
4441072286;41.17408;-8.671051;-0.1513384;0.7186233
4441072287;41.17414;-8.67113;-0.1513398;0.7186244
4441072288;41.17355;-8.671609;-0.1513481;0.7186139
4441072491;41.17369;-8.67143;-0.151345;0.7186165
4441072492;41.17274;-8.666011;-0.1512504;0.7186
4441072493;41.17232;-8.665783;-0.1512464;0.7185925
4441072494;41.17243;-8.665411;-0.1512399;0.7185944
4441072495;41.17308;-8.665791;-0.1512466;0.7186059
4441072496;41.17258;-8.665924;-0.1512489;0.7185971
4441072497;41.17252;-8.666158;-0.151253;0.718596
4441072498;41.17176;-8.668024;-0.1512856;0.7185827
4441072499;41.17188;-8.668117;-0.1512872;0.7185849
4441072500;41.17198;-8.668252;-0.1512895;0.7185866
4441072501;41.17213;-8.668325;-0.1512908;0.7185892
4441072502;41.17196;-8.667876;-0.151283;0.7185861
4441072503;41.17216;-8.667727;-0.1512804;0.7185898
4441072504;41.1723;-8.667694;-0.1512798;0.7185922
4441072505;41.17321;-8.667451;-0.1512756;0.7186081
4441072506;41.17326;-8.667336;-0.1512736;0.718609
4441072507;41.17318;-8.666747;-0.1512633;0.7186076
4441072508;41.17303;-8.66671;-0.1512626;0.7186049
4441072509;41.17293;-8.66693;-0.1512665;0.7186031
4441072510;41.17233;-8.667109;-0.1512696;0.7185926
4441072511;41.17234;-8.667686;-0.1512797;0.7185928
4441072512;41.17231;-8.6669;-0.1512659;0.7185924
4441072513;41.17223;-8.666742;-0.1512632;0.718591
4441072514;41.17231;-8.666306;-0.1512556;0.7185924
4441072515;41.17212;-8.666539;-0.1512596;0.7185891
4441072516;41.17226;-8.666602;-0.1512607;0.7185915
4441072517;41.17145;-8.667401;-0.1512747;0.7185773
4441072518;41.17156;-8.667039;-0.1512684;0.7185792
4441072519;41.17151;-8.666936;-0.1512666;0.7185785
4441072520;41.17126;-8.666773;-0.1512637;0.718574
4441072521;41.17078;-8.666926;-0.1512664;0.7185656
4441072522;41.17153;-8.670141;-0.1513225;0.7185788
4441072523;41.17154;-8.670194;-0.1513234;0.7185789
4441072524;41.17151;-8.670294;-0.1513252;0.7185785
4441072525;41.1715;-8.670359;-0.1513263;0.7185783
4441072526;41.17151;-8.670429;-0.1513275;0.7185784
4441072527;41.17154;-8.670497;-0.1513287;0.7185789
4441072528;41.1719;-8.671048;-0.1513383;0.7185853
4441072529;41.17214;-8.671406;-0.1513446;0.7185894
4441072530;41.17236;-8.671716;-0.15135;0.7185932
4441072531;41.17236;-8.671124;-0.1513397;0.7185933
4441072532;41.17182;-8.671792;-0.1513513;0.7185838
4441072533;41.17171;-8.671503;-0.1513463;0.7185819
4441072534;41.17172;-8.671432;-0.151345;0.7185821
4441072535;41.17191;-8.671061;-0.1513386;0.7185854
4441072536;41.17228;-8.667813;-0.1512819;0.7185919
4441072537;41.17228;-8.667964;-0.1512845;0.7185918
4441072538;41.17227;-8.668127;-0.1512874;0.7185916
4441072539;41.17225;-8.668207;-0.1512888;0.7185912
4441072540;41.1722;-8.668253;-0.1512896;0.7185904
4441072541;41.17212;-8.669179;-0.1513057;0.7185891
4441072542;41.17208;-8.669453;-0.1513105;0.7185884
4441072543;41.17202;-8.669653;-0.151314;0.7185872
4441072544;41.17168;-8.669667;-0.1513142;0.7185813
4441072545;41.17158;-8.669681;-0.1513145;0.7185796
4441072546;41.17124;-8.669476;-0.1513109;0.7185736
4441072548;41.17056;-8.670943;-0.1513365;0.7185618
4441072549;41.17048;-8.67083;-0.1513345;0.7185603
4441072562;41.17088;-8.671249;-0.1513419;0.7185675
4452248023;41.17315;-8.662173;-0.1511834;0.718607
4452248024;41.17323;-8.662061;-0.1511815;0.7186084
4452248025;41.17305;-8.662241;-0.1511846;0.7186052
4452248026;41.17285;-8.662342;-0.1511864;0.7186018
4452248027;41.17274;-8.662393;-0.1511873;0.7186
4452248028;41.17258;-8.662432;-0.151188;0.7185971
4452248029;41.17234;-8.662412;-0.1511876;0.7185929
4452248030;41.17217;-8.662355;-0.1511866;0.7185899
4452248031;41.17203;-8.662217;-0.1511842;0.7185875
4452248032;41.172;-8.662084;-0.1511819;0.718587
4452248033;41.17226;-8.662396;-0.1511873;0.7185915
4452248034;41.1721;-8.662294;-0.1511856;0.7185887
4452248035;41.1732;-8.662122;-0.1511825;0.7186079
4452248036;41.17323;-8.661999;-0.1511804;0.7186085
4452248037;41.1716;-8.662064;-0.1511815;0.7185799
4452248038;41.17138;-8.664645;-0.1512266;0.7185761
4452248039;41.17128;-8.664484;-0.1512238;0.7185745
4452248043;41.1721;-8.662398;-0.1511874;0.7185888
4452248045;41.17152;-8.662151;-0.1511831;0.7185786
4452248051;41.17246;-8.663262;-0.1512025;0.718595
4452248064;41.16972;-8.666752;-0.1512634;0.7185472
4452248069;41.17021;-8.666185;-0.1512535;0.7185557
4452248074;41.16849;-8.661744;-0.151176;0.7185257
4452248075;41.16842;-8.661274;-0.1511678;0.7185245
4452248076;41.17316;-8.653448;-0.1510312;0.7186073
4452248077;41.17108;-8.652352;-0.151012;0.7185709
4452248078;41.1712;-8.652515;-0.1510149;0.7185729
4452248079;41.17139;-8.652864;-0.151021;0.7185764
4452248080;41.17173;-8.653824;-0.1510377;0.7185823
4452248084;41.17327;-8.654898;-0.1510565;0.7186092
4452248085;41.17329;-8.655073;-0.1510595;0.7186096
4452248086;41.17324;-8.655107;-0.1510601;0.7186086
4452248087;41.17294;-8.655154;-0.1510609;0.7186033
4452248088;41.17337;-8.6548;-0.1510548;0.7186109
4452248089;41.17302;-8.654849;-0.1510556;0.7186048
4452248090;41.17084;-8.656689;-0.1510877;0.7185667
4452248091;41.1711;-8.656699;-0.1510879;0.7185713
4452248092;41.17079;-8.65696;-0.1510924;0.7185659
4452248093;41.16939;-8.659221;-0.1511319;0.7185414
4452248094;41.16922;-8.659209;-0.1511317;0.7185385
4452248095;41.16815;-8.660748;-0.1511586;0.7185198
4452248096;41.16796;-8.660761;-0.1511588;0.7185164
4452248099;41.17515;-8.667054;-0.1512686;0.7186419
4452248100;41.17503;-8.667097;-0.1512694;0.7186399
4452248101;41.1749;-8.667062;-0.1512688;0.7186376
4452248102;41.17474;-8.667131;-0.15127;0.7186348
4452248109;41.16464;-8.66161;-0.1511736;0.7184585
4452248110;41.16453;-8.661646;-0.1511742;0.7184566
4452248111;41.16433;-8.661717;-0.1511755;0.7184531
4452248112;41.16508;-8.65872;-0.1511232;0.7184663
4452248113;41.16508;-8.658577;-0.1511207;0.7184662
4452248114;41.16505;-8.658468;-0.1511188;0.7184657
4452248115;41.16502;-8.658401;-0.1511176;0.7184651
4452248116;41.16499;-8.655599;-0.1510687;0.7184646
4455231261;41.17055;-8.649661;-0.1509651;0.7185616
4455231265;41.17173;-8.652357;-0.1510121;0.7185823
4455231266;41.1703;-8.653118;-0.1510254;0.7185573
4455231267;41.17043;-8.653943;-0.1510398;0.7185596
4455231268;41.17052;-8.653994;-0.1510407;0.7185612
4455231269;41.17036;-8.654055;-0.1510417;0.7185584
4455231270;41.17162;-8.657052;-0.1510941;0.7185802
4455231271;41.17299;-8.656319;-0.1510813;0.7186043
4455231272;41.17414;-8.657827;-0.1511076;0.7186244
4455231274;41.17441;-8.657474;-0.1511014;0.7186291
4455231275;41.17443;-8.65741;-0.1511003;0.7186293
4455231276;41.1732;-8.656199;-0.1510792;0.718608
4455231277;41.1731;-8.656352;-0.1510818;0.7186061
4455231278;41.17278;-8.656758;-0.1510889;0.7186006
4455231279;41.17234;-8.657313;-0.1510986;0.7185929
4455231280;41.1722;-8.657491;-0.1511017;0.7185905
4455231281;41.17178;-8.65805;-0.1511115;0.7185832
4455231282;41.17208;-8.657651;-0.1511045;0.7185884
4455231283;41.17247;-8.657147;-0.1510957;0.7185952
4455231284;41.1731;-8.656243;-0.15108;0.7186062
4455231285;41.17273;-8.661363;-0.1511693;0.7185997
4455231286;41.17281;-8.661215;-0.1511667;0.718601
4455231288;41.17274;-8.661389;-0.1511698;0.7186
4455231289;41.17339;-8.662211;-0.1511841;0.7186113
4455231290;41.17303;-8.661636;-0.1511741;0.7186049
4455231291;41.17285;-8.661794;-0.1511768;0.7186018
4455231292;41.17299;-8.661669;-0.1511746;0.7186043
4455231293;41.17282;-8.66165;-0.1511743;0.7186013
4455231294;41.1729;-8.661685;-0.1511749;0.7186026
4455231295;41.17229;-8.662403;-0.1511874;0.7185921
4455231296;41.17236;-8.662209;-0.1511841;0.7185932
4455231297;41.17244;-8.662114;-0.1511824;0.7185946
4455231298;41.17251;-8.662068;-0.1511816;0.7185958
4455231299;41.17288;-8.662328;-0.1511861;0.7186023
4455231300;41.17285;-8.661966;-0.1511798;0.7186018
4455231301;41.17322;-8.662093;-0.151182;0.7186082
4455231302;41.17311;-8.662011;-0.1511806;0.7186064
4455231303;41.17261;-8.662431;-0.1511879;0.7185976
4455231304;41.17262;-8.662597;-0.1511908;0.7185978
4455231305;41.17201;-8.662131;-0.1511827;0.7185871
4455231306;41.16638;-8.664152;-0.151218;0.7184888
4455231307;41.16688;-8.664449;-0.1512232;0.7184976
4455231308;41.16726;-8.664068;-0.1512165;0.7185042
4455231309;41.16708;-8.663932;-0.1512141;0.7185011
4455231310;41.16776;-8.664389;-0.1512221;0.718513
4455231311;41.16789;-8.664079;-0.1512167;0.7185153
4455231312;41.16672;-8.662716;-0.1511929;0.7184948
4455231313;41.16682;-8.662778;-0.151194;0.7184965
4455231314;41.16689;-8.662786;-0.1511941;0.7184977
4455231315;41.16651;-8.661807;-0.151177;0.7184911
4455231316;41.16374;-8.664435;-0.1512229;0.7184429
4455231317;41.16389;-8.664384;-0.151222;0.7184455
4455231318;41.16391;-8.664504;-0.1512241;0.7184458
4455231319;41.16376;-8.664552;-0.151225;0.7184432
4458159372;41.16499;-8.671789;-0.1513513;0.7184646
4458159380;41.16522;-8.673171;-0.1513754;0.7184687
4458171089;41.16251;-8.671149;-0.1513401;0.7184214
4464000743;41.17132;-8.658761;-0.1511239;0.7185751
4464000744;41.17186;-8.659791;-0.1511419;0.7185846
4464000745;41.17215;-8.660141;-0.151148;0.7185897
4464000746;41.17181;-8.660359;-0.1511518;0.7185836
4464000747;41.17153;-8.660018;-0.1511458;0.7185787
4464000748;41.17097;-8.659636;-0.1511392;0.718569
4464000749;41.1708;-8.659443;-0.1511358;0.7185661
4464000750;41.17048;-8.658751;-0.1511237;0.7185604
4464000751;41.16987;-8.659361;-0.1511344;0.7185498
4464000752;41.17;-8.659687;-0.15114;0.7185521
4464000753;41.17017;-8.659976;-0.1511451;0.718555
4464000754;41.17038;-8.660261;-0.1511501;0.7185586
4464000755;41.17009;-8.661412;-0.1511702;0.7185536
4464000756;41.17024;-8.661368;-0.1511694;0.7185562
4464000757;41.16692;-8.66226;-0.151185;0.7184982
4464000758;41.16689;-8.662239;-0.1511846;0.7184978
4464000759;41.1657;-8.669393;-0.1513094;0.7184771
4464000760;41.16696;-8.67191;-0.1513534;0.7184989
4464000761;41.16823;-8.670928;-0.1513362;0.7185211
4464000762;41.16999;-8.671639;-0.1513487;0.7185519
4468029185;41.16763;-8.687506;-0.1516256;0.7185106
4468029514;41.16766;-8.687737;-0.1516296;0.7185112
4468029517;41.1678;-8.687692;-0.1516288;0.7185137
4468615938;41.16793;-8.655302;-0.1510635;0.7185159
4468615939;41.16797;-8.655172;-0.1510613;0.7185166
4468615940;41.16729;-8.655141;-0.1510607;0.7185047
4468615941;41.16794;-8.655136;-0.1510606;0.7185161
4468615942;41.16814;-8.65564;-0.1510694;0.7185196
4468615943;41.16806;-8.655672;-0.15107;0.7185181
4468615944;41.168;-8.655612;-0.1510689;0.7185171
4468615945;41.16793;-8.655523;-0.1510674;0.718516
4468615946;41.16809;-8.655774;-0.1510718;0.7185187
4468615947;41.16819;-8.655166;-0.1510611;0.7185205
4468615948;41.16841;-8.655109;-0.1510601;0.7185243
4468615951;41.16682;-8.657285;-0.1510981;0.7184965
4468615952;41.16676;-8.657256;-0.1510976;0.7184955
4468615953;41.16675;-8.657207;-0.1510968;0.7184953
4468615954;41.16677;-8.657122;-0.1510953;0.7184956
4468615955;41.16733;-8.655562;-0.1510681;0.7185054
4468615956;41.16724;-8.655951;-0.1510748;0.7185039
4468615957;41.16523;-8.657599;-0.1511036;0.7184687
4468615958;41.16524;-8.656898;-0.1510914;0.718469
4468615959;41.16514;-8.656772;-0.1510892;0.7184673
4468615960;41.1653;-8.657073;-0.1510944;0.71847
4468615961;41.16409;-8.659768;-0.1511415;0.7184489
4468615962;41.16425;-8.659717;-0.1511406;0.7184517
4468615963;41.16442;-8.659795;-0.1511419;0.7184547
4468615964;41.16396;-8.66009;-0.1511471;0.7184466
4468836872;41.16703;-8.671851;-0.1513524;0.7185003
4468836877;41.16693;-8.670918;-0.1513361;0.7184986
4468836878;41.16678;-8.670218;-0.1513238;0.7184958
4468836879;41.16662;-8.667978;-0.1512848;0.7184931
4468836880;41.16756;-8.668087;-0.1512867;0.7185095
4468836881;41.16752;-8.668049;-0.151286;0.7185088
4468836882;41.16659;-8.667933;-0.151284;0.7184926
4468836883;41.16658;-8.667984;-0.1512849;0.7184924
4468836884;41.16661;-8.66789;-0.1512832;0.7184928
4468836885;41.16613;-8.666595;-0.1512606;0.7184845
4468836886;41.16584;-8.666034;-0.1512508;0.7184794
4468836887;41.16599;-8.666979;-0.1512673;0.718482
4468836888;41.16605;-8.667369;-0.1512741;0.7184832
4468847589;41.16593;-8.667805;-0.1512817;0.718481
4468847590;41.16566;-8.664598;-0.1512258;0.7184762
4468847591;41.16559;-8.664449;-0.1512232;0.718475
4468847592;41.16534;-8.66398;-0.151215;0.7184708
4468847593;41.16507;-8.663758;-0.1512111;0.718466
4468847594;41.16517;-8.663816;-0.1512121;0.7184678
4468847595;41.16409;-8.663197;-0.1512013;0.7184489
4468847596;41.16406;-8.66314;-0.1512003;0.7184484
4468847597;41.16451;-8.659925;-0.1511442;0.7184563
4468847598;41.16416;-8.659584;-0.1511382;0.7184501
4468847599;41.16413;-8.659539;-0.1511375;0.7184495
4468847600;41.16391;-8.659599;-0.1511385;0.7184457
4468847601;41.16528;-8.657831;-0.1511077;0.7184697
4468847604;41.16597;-8.657982;-0.1511103;0.7184817
4468847606;41.16458;-8.656319;-0.1510813;0.7184574
4468847607;41.16468;-8.656245;-0.15108;0.7184592
4468847608;41.16518;-8.656322;-0.1510813;0.7184679
4468847609;41.16497;-8.656279;-0.1510806;0.7184643
4468847610;41.16549;-8.656409;-0.1510828;0.7184733
4468847612;41.16596;-8.655499;-0.151067;0.7184815
4468847613;41.16581;-8.655465;-0.1510664;0.7184789
4468847614;41.16676;-8.655313;-0.1510637;0.7184954
4468847615;41.16681;-8.654078;-0.1510422;0.7184963
4468847678;41.16764;-8.652947;-0.1510224;0.7185109
4468847679;41.16766;-8.65286;-0.1510209;0.7185113
4468847680;41.1678;-8.652679;-0.1510177;0.7185137
4468847681;41.16776;-8.652708;-0.1510182;0.718513
4468847682;41.16801;-8.653976;-0.1510404;0.7185172
4468847683;41.168;-8.653921;-0.1510394;0.7185172
4468929079;41.17359;-8.660436;-0.1511531;0.7186147
4468929080;41.17361;-8.660381;-0.1511522;0.718615
4468929081;41.17361;-8.66032;-0.1511511;0.7186151
4468932389;41.17506;-8.666366;-0.1512566;0.7186404
4468932390;41.17464;-8.666521;-0.1512593;0.7186331
4468932391;41.17469;-8.666502;-0.151259;0.7186339
4468932426;41.17429;-8.666591;-0.1512605;0.718627
4468932427;41.17421;-8.666519;-0.1512593;0.7186255
4468932428;41.17376;-8.6662;-0.1512537;0.7186177
4468932429;41.17374;-8.666132;-0.1512525;0.7186173
4468932430;41.17373;-8.666047;-0.151251;0.7186172
4468932431;41.17375;-8.665972;-0.1512497;0.7186176
4468932432;41.17379;-8.665914;-0.1512487;0.7186183
4468932433;41.17386;-8.665897;-0.1512484;0.7186195
4468932434;41.1739;-8.665906;-0.1512486;0.7186201
4468932435;41.17435;-8.666278;-0.1512551;0.7186279
4468932436;41.17438;-8.666333;-0.1512561;0.7186285
4468932437;41.1744;-8.666402;-0.1512572;0.7186289
4468932438;41.17442;-8.666477;-0.1512586;0.7186291
4468932439;41.17442;-8.666567;-0.1512601;0.7186291
4468932440;41.17398;-8.665956;-0.1512495;0.7186215
4468932441;41.17418;-8.666121;-0.1512524;0.7186251
4468932442;41.17246;-8.667631;-0.1512787;0.718595
4468932443;41.17242;-8.667672;-0.1512794;0.7185943
4468932444;41.17326;-8.667388;-0.1512745;0.7186089
4468932445;41.17324;-8.667421;-0.151275;0.7186086
4468932446;41.173;-8.666788;-0.151264;0.7186044
4468932447;41.17297;-8.666879;-0.1512656;0.718604
4468932448;41.17296;-8.66691;-0.1512661;0.7186037
4468932449;41.1727;-8.666974;-0.1512672;0.7185991
4468932450;41.17263;-8.667055;-0.1512686;0.7185979
4468932451;41.17257;-8.667104;-0.1512695;0.7185968
4468932452;41.17244;-8.66707;-0.1512689;0.7185946
4468932453;41.1725;-8.667075;-0.151269;0.7185957
4468932454;41.17253;-8.667095;-0.1512693;0.7185962
4468966318;41.17039;-8.661141;-0.1511654;0.718559
4468966319;41.17049;-8.660904;-0.1511613;0.7185607
4468966320;41.16961;-8.661011;-0.1511632;0.7185453
4468966321;41.16956;-8.66071;-0.1511579;0.7185444
4468966322;41.16949;-8.660346;-0.1511516;0.7185431
4468966323;41.16911;-8.659284;-0.151133;0.7185364
4468966324;41.16955;-8.660482;-0.1511539;0.7185442
4468966325;41.16953;-8.660429;-0.151153;0.7185438
4468966326;41.16968;-8.660431;-0.151153;0.7185465
4468966327;41.16981;-8.66041;-0.1511527;0.7185487
4468966328;41.1707;-8.662056;-0.1511814;0.7185643
4468966329;41.17076;-8.662032;-0.151181;0.7185653
4468966330;41.17081;-8.662034;-0.151181;0.7185663
4468966331;41.17118;-8.662162;-0.1511832;0.7185727
4468966332;41.17121;-8.6622;-0.1511839;0.7185732
4468966333;41.17122;-8.662246;-0.1511847;0.7185734
4468966334;41.17122;-8.662304;-0.1511857;0.7185734
4468966335;41.17121;-8.662356;-0.1511866;0.7185732
4468966336;41.17104;-8.662685;-0.1511924;0.7185701
4468966337;41.17103;-8.662736;-0.1511933;0.7185701
4468966338;41.17104;-8.662782;-0.1511941;0.7185702
4468966339;41.17107;-8.662823;-0.1511948;0.7185707
4468966340;41.17116;-8.662895;-0.151196;0.7185723
4468966341;41.17052;-8.661531;-0.1511722;0.7185611
4468966342;41.17061;-8.661607;-0.1511736;0.7185627
4468966343;41.17058;-8.661582;-0.1511731;0.7185622
4468966344;41.17077;-8.661162;-0.1511658;0.7185655
4468966345;41.17076;-8.66172;-0.1511755;0.7185654
4468966346;41.17077;-8.662033;-0.151181;0.7185655
4468966351;41.17379;-8.658297;-0.1511158;0.7186182
4468966352;41.17336;-8.657707;-0.1511055;0.7186107
4468966353;41.17346;-8.657574;-0.1511032;0.7186124
4468966354;41.17371;-8.657917;-0.1511092;0.7186167
4468966355;41.17406;-8.657442;-0.1511009;0.7186229
4468966356;41.17382;-8.657104;-0.151095;0.7186188
4473193908;41.16716;-8.655949;-0.1510748;0.7185024
4473193909;41.16691;-8.656003;-0.1510758;0.7184981
4473193910;41.1666;-8.656142;-0.1510782;0.7184927
4473193911;41.16637;-8.656307;-0.1510811;0.7184887
4473193912;41.16615;-8.656427;-0.1510832;0.7184849
4473193913;41.16598;-8.656483;-0.1510841;0.7184819
4473193914;41.16581;-8.6565;-0.1510844;0.718479
4473193915;41.16567;-8.656462;-0.1510838;0.7184765
4473193917;41.1659;-8.656499;-0.1510844;0.7184805
4473193918;41.16574;-8.656486;-0.1510842;0.7184778
4473193919;41.16626;-8.65637;-0.1510822;0.7184868
4473193920;41.16672;-8.656069;-0.1510769;0.7184948
4473215761;41.16702;-8.655968;-0.1510751;0.7185
4505293704;41.16557;-8.65253;-0.1510151;0.7184746
4505293705;41.17147;-8.659977;-0.1511451;0.7185777
4505293706;41.17124;-8.660583;-0.1511557;0.7185736
4505293707;41.1712;-8.660622;-0.1511564;0.718573
4505293708;41.17116;-8.660622;-0.1511564;0.7185723
4505293709;41.1711;-8.660589;-0.1511558;0.7185712
4505293710;41.17081;-8.66039;-0.1511523;0.7185661
4505305037;41.17088;-8.665462;-0.1512409;0.7185675
4505305038;41.17083;-8.665256;-0.1512372;0.7185666
4505305039;41.1708;-8.664481;-0.1512237;0.718566
4505305040;41.17085;-8.663105;-0.1511997;0.7185668
4505305041;41.1708;-8.663257;-0.1512024;0.7185661
4505305042;41.17084;-8.664275;-0.1512201;0.7185667
4505305043;41.17087;-8.665414;-0.15124;0.7185673
4505305044;41.17079;-8.665386;-0.1512395;0.7185658
4505305046;41.17072;-8.665341;-0.1512387;0.7185647
4505305047;41.17026;-8.665374;-0.1512393;0.7185565
4505305048;41.17024;-8.665415;-0.15124;0.7185563
4505305049;41.17025;-8.665439;-0.1512404;0.7185564
4505305050;41.17029;-8.665455;-0.1512407;0.7185571
4505305051;41.17073;-8.665414;-0.15124;0.7185649
4505305052;41.17082;-8.664847;-0.1512301;0.7185664
4505305053;41.17024;-8.664885;-0.1512308;0.7185562
4505305054;41.17022;-8.664871;-0.1512305;0.7185559
4505305055;41.17022;-8.664847;-0.1512301;0.7185558
4505305056;41.17023;-8.664824;-0.1512297;0.7185561
4505305057;41.17081;-8.664774;-0.1512288;0.7185663
4505305058;41.17076;-8.664298;-0.1512205;0.7185654
4505305059;41.1702;-8.664341;-0.1512213;0.7185556
4505305060;41.17019;-8.664319;-0.1512209;0.7185553
4505305061;41.17019;-8.664284;-0.1512203;0.7185553
4505305062;41.17022;-8.66427;-0.15122;0.7185559
4505305063;41.17084;-8.664225;-0.1512192;0.7185667
4505305064;41.17082;-8.66374;-0.1512108;0.7185664
4505305065;41.17018;-8.66379;-0.1512117;0.7185552
4505305066;41.17017;-8.663777;-0.1512114;0.718555
4505305067;41.17017;-8.66374;-0.1512108;0.7185551
4505305068;41.17019;-8.66372;-0.1512104;0.7185554
4505305069;41.17082;-8.663665;-0.1512095;0.7185664
4505305070;41.17081;-8.663222;-0.1512018;0.7185662
4505305071;41.17071;-8.663178;-0.151201;0.7185645
4505305072;41.17016;-8.663228;-0.1512019;0.7185549
4505305073;41.17012;-8.663214;-0.1512016;0.7185542
4505305074;41.17012;-8.663171;-0.1512009;0.7185542
4505305075;41.17016;-8.663143;-0.1512004;0.7185548
4505305076;41.17071;-8.663121;-0.1512;0.7185644
4505305077;41.17007;-8.663252;-0.1512023;0.7185534
4505305078;41.17004;-8.663261;-0.1512024;0.7185528
4505305079;41.17003;-8.663322;-0.1512035;0.7185526
4505305080;41.17006;-8.664022;-0.1512157;0.718553
4505305081;41.17014;-8.664671;-0.151227;0.7185545
4505305082;41.16926;-8.665131;-0.1512351;0.7185391
4505305083;41.16927;-8.665415;-0.15124;0.7185394
4505311297;41.17197;-8.664239;-0.1512195;0.7185864
4505318814;41.17414;-8.654532;-0.1510501;0.7186242
4505318815;41.17429;-8.654629;-0.1510518;0.7186269
4505318816;41.17454;-8.65381;-0.1510375;0.7186313
4505318817;41.17458;-8.65391;-0.1510392;0.718632
4505318818;41.17471;-8.654183;-0.151044;0.7186342
4505318819;41.17476;-8.654206;-0.1510444;0.7186352
4505318820;41.1749;-8.654475;-0.1510491;0.7186376
4505318821;41.17489;-8.654525;-0.15105;0.7186375
4505318822;41.17483;-8.654576;-0.1510509;0.7186364
4505318824;41.17479;-8.654568;-0.1510507;0.7186357
4505318825;41.17466;-8.654274;-0.1510456;0.7186334
4505318826;41.17467;-8.654212;-0.1510445;0.7186337
4505318827;41.17463;-8.654018;-0.1510411;0.7186329
4505318828;41.17426;-8.654314;-0.1510463;0.7186263
4506981029;41.16449;-8.661519;-0.151172;0.7184558
4526777778;41.17248;-8.654574;-0.1510508;0.7185953
4526777779;41.17232;-8.654509;-0.1510497;0.7185926
4526777780;41.17181;-8.653958;-0.1510401;0.7185837
4526777781;41.17154;-8.653309;-0.1510287;0.7185789
4526777782;41.17164;-8.653594;-0.1510337;0.7185807
4526777783;41.17168;-8.653723;-0.1510359;0.7185814
4526777784;41.17143;-8.652948;-0.1510224;0.718577
4526777788;41.1754;-8.659715;-0.1511405;0.7186462
4526778489;41.1754;-8.659555;-0.1511378;0.7186463
4526778490;41.17427;-8.657853;-0.151108;0.7186266
4526778491;41.17479;-8.658499;-0.1511193;0.7186356
4526778492;41.17508;-8.660695;-0.1511576;0.7186407
4526778493;41.17287;-8.661318;-0.1511685;0.7186022
4526778494;41.17287;-8.661288;-0.151168;0.7186022
4526778495;41.17286;-8.661261;-0.1511675;0.7186019
4526778496;41.17285;-8.661239;-0.1511671;0.7186018
4526778497;41.17276;-8.661226;-0.1511669;0.7186002
4526778498;41.17274;-8.661245;-0.1511672;0.7185999
4526778499;41.17273;-8.66127;-0.1511677;0.7185997
4526778500;41.17277;-8.661407;-0.1511701;0.7186003
4526778501;41.17279;-8.661415;-0.1511702;0.7186007
4526778502;41.17282;-8.661411;-0.1511701;0.7186012
4526778503;41.17284;-8.661397;-0.1511699;0.7186016
4526778504;41.17284;-8.661159;-0.1511657;0.7186016
4526778505;41.17259;-8.661363;-0.1511693;0.7185973
4526778506;41.17272;-8.6613;-0.1511682;0.7185996
4526778507;41.1724;-8.662156;-0.1511831;0.7185939
4526778508;41.17251;-8.661389;-0.1511698;0.7185959
4526818783;41.17491;-8.663023;-0.1511983;0.7186378
4526818784;41.17496;-8.662962;-0.1511972;0.7186387
4526818785;41.17511;-8.662958;-0.1511971;0.7186413
4526818786;41.17493;-8.662953;-0.1511971;0.7186382
4526819389;41.17438;-8.662185;-0.1511836;0.7186285
4526819390;41.17434;-8.662054;-0.1511814;0.7186279
4526819391;41.17401;-8.662022;-0.1511808;0.7186221
4526819392;41.17384;-8.662093;-0.151182;0.7186191
4526819393;41.17278;-8.662771;-0.1511939;0.7186006
4526819394;41.17275;-8.662662;-0.151192;0.7186
4526819395;41.17273;-8.662632;-0.1511914;0.7185996
4526819396;41.1728;-8.662591;-0.1511907;0.7186009
4526819397;41.17297;-8.662586;-0.1511907;0.7186038
4526819398;41.17252;-8.662594;-0.1511908;0.718596
4526819399;41.17231;-8.662544;-0.1511899;0.7185923
4526819400;41.17223;-8.662499;-0.1511891;0.718591
4526819401;41.17191;-8.662139;-0.1511828;0.7185853
4526819402;41.17206;-8.662258;-0.1511849;0.718588
4526819403;41.17201;-8.662175;-0.1511835;0.7185872
4526819404;41.17221;-8.662379;-0.151187;0.7185907
4526819405;41.17246;-8.662431;-0.1511879;0.718595
4526819406;41.17268;-8.662415;-0.1511877;0.7185988
4526819407;41.17323;-8.661954;-0.1511796;0.7186085
4526819408;41.1739;-8.664934;-0.1512316;0.7186201
4526819409;41.17378;-8.664896;-0.151231;0.7186181
4526819410;41.17349;-8.665179;-0.1512359;0.718613
4526819411;41.17343;-8.665391;-0.1512396;0.7186119
4526819412;41.17339;-8.665491;-0.1512413;0.7186112
4526819413;41.17322;-8.665689;-0.1512448;0.7186082
4526819414;41.17333;-8.665675;-0.1512446;0.7186102
4526819415;41.17324;-8.665996;-0.1512502;0.7186086
4526819416;41.17298;-8.665859;-0.1512478;0.718604
4526819417;41.17316;-8.665731;-0.1512455;0.7186072
4526819418;41.17328;-8.665847;-0.1512476;0.7186093
4526819419;41.17347;-8.665937;-0.1512491;0.7186126
4526819420;41.17358;-8.665546;-0.1512423;0.7186146
4526819421;41.17365;-8.665583;-0.1512429;0.7186157
4526819422;41.17353;-8.665968;-0.1512497;0.7186136
4526819423;41.1735;-8.665956;-0.1512495;0.7186132
4526819424;41.17347;-8.666065;-0.1512514;0.7186127
4526819425;41.17458;-8.665696;-0.1512449;0.718632
4526819426;41.17487;-8.666089;-0.1512518;0.7186371
4526819427;41.17647;-8.664411;-0.1512225;0.7186649
4526819428;41.17644;-8.664118;-0.1512174;0.7186644
4526819429;41.17649;-8.664473;-0.1512236;0.7186654
4526819430;41.17427;-8.669667;-0.1513142;0.7186265
4526819431;41.1741;-8.669254;-0.151307;0.7186236
4526819432;41.17423;-8.66912;-0.1513047;0.7186258
4526819469;41.17229;-8.667789;-0.1512814;0.718592
4541424795;41.16672;-8.663099;-0.1511996;0.7184948
4541424796;41.1671;-8.663326;-0.1512036;0.7185015
4541424797;41.16713;-8.663372;-0.1512044;0.7185019
4541424798;41.16714;-8.663451;-0.1512057;0.7185022
4541424799;41.16713;-8.663549;-0.1512075;0.7185019
4541424800;41.16702;-8.663876;-0.1512132;0.7185
4541424801;41.16773;-8.664483;-0.1512238;0.7185124
4541424802;41.16769;-8.66454;-0.1512248;0.7185118
4541424803;41.16764;-8.664612;-0.151226;0.7185109
4541424804;41.16758;-8.664689;-0.1512274;0.7185098
4541424805;41.16721;-8.665069;-0.151234;0.7185034
4541424806;41.16847;-8.661495;-0.1511716;0.7185254
4541424807;41.16911;-8.662441;-0.1511881;0.7185365
4541424808;41.16914;-8.662276;-0.1511852;0.718537
4541424809;41.16917;-8.662196;-0.1511838;0.7185376
4541424810;41.16922;-8.662096;-0.1511821;0.7185385
4541424811;41.16937;-8.661942;-0.1511794;0.718541
4541424812;41.16941;-8.661861;-0.151178;0.7185417
4541424813;41.1693;-8.662053;-0.1511813;0.7185398
4541424814;41.16793;-8.665555;-0.1512425;0.7185159
4541424815;41.16796;-8.6656;-0.1512433;0.7185165
4541424816;41.16804;-8.665616;-0.1512435;0.7185178
4541424817;41.16832;-8.665576;-0.1512428;0.7185227
4541424818;41.16833;-8.66548;-0.1512412;0.718523
4541424819;41.16681;-8.663149;-0.1512005;0.7184964
4541424820;41.16705;-8.663903;-0.1512136;0.7185006
4541424824;41.16454;-8.665754;-0.151246;0.7184568
4541424825;41.16439;-8.66487;-0.1512305;0.7184541
4541424826;41.16518;-8.664641;-0.1512265;0.7184679
4541424827;41.16531;-8.664708;-0.1512277;0.7184702
4541424828;41.16526;-8.664649;-0.1512267;0.7184694
4541424829;41.16523;-8.66464;-0.1512265;0.7184688
4541424830;41.16533;-8.665515;-0.1512418;0.7184706
4541424831;41.16538;-8.665472;-0.151241;0.7184715
4541424832;41.16542;-8.665397;-0.1512397;0.7184721
4541424833;41.16544;-8.6653;-0.151238;0.7184725
4541424834;41.16544;-8.665175;-0.1512358;0.7184725
4541424835;41.16539;-8.66494;-0.1512317;0.7184716
4541424836;41.16461;-8.666138;-0.1512526;0.7184579
4541424837;41.16489;-8.665643;-0.151244;0.7184629
4541424838;41.16466;-8.666124;-0.1512524;0.7184589
4541424839;41.16472;-8.666064;-0.1512514;0.71846
4541424840;41.16536;-8.664761;-0.1512286;0.7184711
4541434525;41.16665;-8.656109;-0.1510776;0.7184936
4541434530;41.16652;-8.655382;-0.1510649;0.7184913
4541434531;41.16707;-8.655956;-0.1510749;0.7185009
4541465669;41.16706;-8.670841;-0.1513347;0.7185008
4541465670;41.16745;-8.671506;-0.1513463;0.7185075
4565597416;41.16684;-8.682786;-0.1515432;0.7184968
4567404027;41.16091;-8.65846;-0.1511186;0.7183934
4567404028;41.16089;-8.658455;-0.1511185;0.718393
4567404029;41.16087;-8.658463;-0.1511187;0.7183927
4567404030;41.16085;-8.65849;-0.1511192;0.7183923
4581693622;41.16809;-8.670986;-0.1513373;0.7185188
4581693623;41.16679;-8.671963;-0.1513543;0.7184961
4581693624;41.16689;-8.671949;-0.1513541;0.7184978
4581693625;41.16536;-8.671879;-0.1513528;0.7184711
4581693626;41.16519;-8.672151;-0.1513576;0.7184681
4581699522;41.16563;-8.675545;-0.1514168;0.7184759
4581699523;41.16697;-8.682748;-0.1515425;0.7184992
4581699524;41.16616;-8.677887;-0.1514577;0.7184851
4581699525;41.16731;-8.684852;-0.1515793;0.7185051
4598151009;41.16451;-8.668961;-0.1513019;0.7184561
4598151010;41.16439;-8.668863;-0.1513002;0.7184542
4598151011;41.16434;-8.668526;-0.1512943;0.7184533
4598151012;41.16441;-8.668383;-0.1512918;0.7184545
4598151018;41.16344;-8.667068;-0.1512689;0.7184376
4598151021;41.16359;-8.667026;-0.1512681;0.7184402
4598151022;41.1635;-8.666492;-0.1512588;0.7184386
4598151023;41.16335;-8.666534;-0.1512596;0.7184361
4598151031;41.16335;-8.668594;-0.1512955;0.7184361
4598151032;41.16328;-8.668481;-0.1512935;0.7184348
4604081225;41.17127;-8.67184;-0.1513522;0.7185743
4604081226;41.17098;-8.6714;-0.1513445;0.7185692
4604081227;41.1713;-8.671019;-0.1513378;0.7185748
4604081228;41.17133;-8.671;-0.1513375;0.7185752
4604081229;41.17136;-8.670996;-0.1513374;0.7185757
4604081230;41.1714;-8.671013;-0.1513377;0.7185764
4604081231;41.17156;-8.671185;-0.1513407;0.7185793
4604081232;41.17062;-8.668339;-0.1512911;0.7185628
4604081233;41.17041;-8.667747;-0.1512807;0.7185591
4604081234;41.17029;-8.667641;-0.1512789;0.7185571
4604081235;41.16951;-8.667583;-0.1512779;0.7185434
4604081236;41.16939;-8.66767;-0.1512794;0.7185414
4604081237;41.1693;-8.667543;-0.1512772;0.7185399
4604081238;41.1697;-8.666886;-0.1512657;0.7185468
4604081239;41.17015;-8.666198;-0.1512537;0.7185547
4604081240;41.17012;-8.666212;-0.1512539;0.7185541
4604081241;41.1712;-8.664787;-0.1512291;0.7185729
4604081242;41.17123;-8.664595;-0.1512257;0.7185735
4604131204;41.1666;-8.661488;-0.1511715;0.7184926
4604242685;41.17019;-8.665522;-0.1512419;0.7185554
4604242686;41.17019;-8.665393;-0.1512396;0.7185553
4604242687;41.17117;-8.66492;-0.1512314;0.7185726
4604242688;41.17134;-8.66462;-0.1512261;0.7185755
4604243489;41.1713;-8.664542;-0.1512248;0.7185746
4604243490;41.17317;-8.663436;-0.1512055;0.7186074
4604243495;41.17617;-8.663273;-0.1512026;0.7186598
4656695029;41.17385;-8.654391;-0.1510476;0.7186193
4656695030;41.17373;-8.654274;-0.1510456;0.7186172
4656695031;41.17338;-8.654568;-0.1510507;0.7186111
4656695032;41.17342;-8.654762;-0.1510541;0.7186117
4656695033;41.17443;-8.655084;-0.1510597;0.7186294
4656695218;41.17342;-8.658957;-0.1511273;0.7186118
4656695219;41.17341;-8.659305;-0.1511334;0.7186116
4656695220;41.17352;-8.65942;-0.1511354;0.7186134
4656695221;41.17353;-8.658806;-0.1511247;0.7186137
4656695222;41.17384;-8.658398;-0.1511175;0.718619
4656695223;41.17393;-8.658467;-0.1511188;0.7186207
4656695224;41.17376;-8.65871;-0.151123;0.7186177
4656695225;41.17402;-8.659408;-0.1511352;0.7186221
4656695226;41.17398;-8.659408;-0.1511352;0.7186215
4656695227;41.17397;-8.659525;-0.1511372;0.7186214
4656695228;41.17403;-8.659208;-0.1511317;0.7186223
4656695229;41.1741;-8.659344;-0.1511341;0.7186235
4656695230;41.1741;-8.65951;-0.1511369;0.7186235
4656695232;41.17604;-8.657495;-0.1511018;0.7186576
4656695263;41.175;-8.65887;-0.1511258;0.7186394
4656695264;41.17491;-8.658868;-0.1511258;0.7186377
4656695265;41.17491;-8.658565;-0.1511205;0.7186377
4656695266;41.17491;-8.659135;-0.1511304;0.7186377
4656695267;41.175;-8.659643;-0.1511393;0.7186394
4687572295;41.16245;-8.667906;-0.1512835;0.7184203
4687572326;41.16522;-8.668875;-0.1513004;0.7184686
4687572327;41.1653;-8.66886;-0.1513002;0.71847
4687572328;41.16535;-8.668868;-0.1513003;0.7184709
4687572329;41.16542;-8.668941;-0.1513016;0.7184722
4687572330;41.16545;-8.669031;-0.1513031;0.7184727
4687572331;41.16546;-8.669146;-0.1513051;0.7184728
4687572332;41.16548;-8.669276;-0.1513074;0.7184732
4687572333;41.1655;-8.669312;-0.151308;0.7184736
4687572334;41.16564;-8.669385;-0.1513093;0.7184759
4687572335;41.16579;-8.669458;-0.1513106;0.7184785
4687572336;41.16573;-8.669402;-0.1513096;0.7184775
4687572337;41.16547;-8.670588;-0.1513303;0.718473
4687572338;41.16548;-8.670218;-0.1513239;0.7184732
4687572339;41.16544;-8.670172;-0.1513231;0.7184724
4687572340;41.1653;-8.670163;-0.1513229;0.71847
4687572341;41.16671;-8.670241;-0.1513243;0.7184947
4687572342;41.16684;-8.670171;-0.151323;0.718497
4687572356;41.17077;-8.66534;-0.1512387;0.7185655
4687572357;41.17078;-8.665359;-0.1512391;0.7185658
4687572358;41.17077;-8.665405;-0.1512399;0.7185655
4687572359;41.17027;-8.665451;-0.1512406;0.7185568
4687572360;41.17025;-8.665394;-0.1512396;0.7185563
4687572361;41.17075;-8.665339;-0.1512387;0.718565
4687572362;41.17075;-8.665411;-0.1512399;0.7185652
4687572363;41.17102;-8.664337;-0.1512212;0.7185699
4687572364;41.171;-8.663733;-0.1512107;0.7185695
4687572365;41.17099;-8.663709;-0.1512102;0.7185693
4687572366;41.17097;-8.663683;-0.1512098;0.718569
4687572367;41.17095;-8.663671;-0.1512096;0.7185686
4687572368;41.17081;-8.663627;-0.1512088;0.7185663
4687572369;41.17083;-8.66519;-0.1512361;0.7185666
4687572370;41.17093;-8.665169;-0.1512357;0.7185683
4687572371;41.17096;-8.665156;-0.1512355;0.7185688
4687572372;41.17097;-8.665141;-0.1512352;0.718569
4687572373;41.17099;-8.665114;-0.1512348;0.7185694
4687572374;41.17101;-8.665068;-0.151234;0.7185696
4687572375;41.17098;-8.664479;-0.1512237;0.7185692
4687572376;41.17117;-8.664987;-0.1512325;0.7185724
4687572377;41.17124;-8.664479;-0.1512237;0.7185736
4687572378;41.17277;-8.662815;-0.1511946;0.7186005
4687572379;41.17474;-8.660604;-0.1511561;0.7186347
4687572380;41.1748;-8.660611;-0.1511562;0.7186358
4687572381;41.17498;-8.660657;-0.151157;0.7186389
4687572382;41.17519;-8.660745;-0.1511585;0.7186426
4720499683;41.16233;-8.672207;-0.1513586;0.7184182
4720649125;41.16348;-8.66986;-0.1513176;0.7184383
4732708369;41.16916;-8.651874;-0.1510037;0.7185374
4732708418;41.16904;-8.651206;-0.150992;0.7185353
4734651342;41.16442;-8.657542;-0.1511026;0.7184546
4734651343;41.16444;-8.65746;-0.1511012;0.718455
4734671309;41.16782;-8.654279;-0.1510457;0.718514
4734671310;41.16771;-8.65431;-0.1510462;0.7185121
4734671321;41.16695;-8.653749;-0.1510364;0.7184989
4734724171;41.16816;-8.655201;-0.1510618;0.71852
4734724172;41.16843;-8.655068;-0.1510594;0.7185246
4734724173;41.16843;-8.655019;-0.1510586;0.7185247
4734724174;41.16842;-8.654934;-0.1510571;0.7185245
4734724197;41.17474;-8.654185;-0.151044;0.7186348
4734724198;41.17466;-8.654245;-0.1510451;0.7186335
4734724199;41.17481;-8.654578;-0.1510509;0.718636
4734724200;41.17401;-8.654268;-0.1510455;0.718622
4734724201;41.17338;-8.655197;-0.1510617;0.7186111
4734724202;41.17163;-8.657045;-0.1510939;0.7185806
4734724203;41.17164;-8.657047;-0.151094;0.7185807
4734724204;41.17162;-8.657047;-0.151094;0.7185804
4734857643;41.16797;-8.654799;-0.1510547;0.7185166
4734857644;41.16914;-8.655034;-0.1510588;0.7185371
4734857645;41.16953;-8.655141;-0.1510607;0.7185438
4758581117;41.17346;-8.654023;-0.1510412;0.7186124
4758581118;41.17342;-8.654034;-0.1510414;0.7186118
4758581119;41.1734;-8.654029;-0.1510413;0.7186114
4758581120;41.17344;-8.654031;-0.1510413;0.7186121
4758581321;41.16656;-8.6614;-0.1511699;0.718492
4758581322;41.16661;-8.661277;-0.1511678;0.718493
4758581323;41.16663;-8.661326;-0.1511687;0.7184932
4758581324;41.16614;-8.661892;-0.1511785;0.7184846
4758581325;41.16595;-8.662126;-0.1511826;0.7184813
4758581326;41.16502;-8.663383;-0.1512046;0.7184652
4758581327;41.1653;-8.662968;-0.1511973;0.71847
4758581336;41.1653;-8.669942;-0.151319;0.71847
4758581337;41.16531;-8.669806;-0.1513167;0.7184702
4758581338;41.16534;-8.669725;-0.1513153;0.7184708
4758581339;41.16547;-8.670188;-0.1513233;0.7184729
4758581340;41.16546;-8.670611;-0.1513307;0.7184728
4758581341;41.16544;-8.670622;-0.1513309;0.7184724
4758581342;41.16529;-8.670601;-0.1513305;0.7184698
4758581343;41.16528;-8.67058;-0.1513302;0.7184697
4758581344;41.16492;-8.670198;-0.1513235;0.7184635
4758581345;41.16493;-8.669361;-0.1513089;0.7184636
4758581346;41.16492;-8.669341;-0.1513086;0.7184634
4758581347;41.16489;-8.669333;-0.1513084;0.7184629
4758581348;41.16493;-8.669858;-0.1513176;0.7184635
4758581349;41.16494;-8.670048;-0.1513209;0.7184637
4758581361;41.16611;-8.678325;-0.1514653;0.7184841
4773574373;41.16842;-8.665366;-0.1512392;0.7185244
4773574374;41.1685;-8.665349;-0.1512389;0.7185259
4773574375;41.16857;-8.665357;-0.151239;0.7185271
4773574376;41.16864;-8.665389;-0.1512396;0.7185283
4773574377;41.16873;-8.665441;-0.1512405;0.7185299
4773574378;41.16884;-8.665531;-0.151242;0.7185318
4773574379;41.1689;-8.665578;-0.1512429;0.7185329
4773574380;41.169;-8.665629;-0.1512438;0.7185346
4773574381;41.16909;-8.665648;-0.1512441;0.7185363
4773574382;41.16921;-8.665647;-0.1512441;0.7185382
4773574383;41.16905;-8.665641;-0.151244;0.7185354
4773574384;41.16895;-8.665612;-0.1512435;0.7185338
4773574385;41.16879;-8.665483;-0.1512412;0.7185308
4773574386;41.16836;-8.665396;-0.1512397;0.7185234
